f #d94a4a 1 m -65.55 69.7 q -65.6 69.45 -65.6 69.4 q -65.65 69.2 -65.65 69.8 q -65.65 71 -65.05 72.7 q -65 72.9 -64.4 74.35 q -63.9 75.5 -63.9 75.75 q -63.9 78.35 -62.9 79.9 q -60.55 83.35 -60.1 84.45 l -59.5 86.65 q -59.3 87.35 -58.8 88.5 q -58.7 88.85 -58.75 90.95 q -58.45 92.9 -56.65 92.9 q -55.95 92.9 -55.55 92.25 q -55.25 91.75 -55.25 91.1 q -55.25 90.05 -55.75 88.55 q -55.95 88.1 -56.9 85.8 q -57.4 84.6 -58.65 82.95 q -60.1 81.1 -60.75 80.3 q -61.6 79.2 -62.3 77.75 q -62.5 77.3 -63.35 75.25 q -65 71.5 -65.55 69.7 cp
f #d94a4a 1 m -60 78.75 l -60.3 78.9 q -59.8 80 -59.35 81.65 q -59.1 82.5 -58.8 84.5 q -58.15 88.6 -58.15 90.35 q -58.15 90.85 -58.6 93.85 q -59.05 96.85 -59.05 97.35 q -59.05 99.15 -59 99.35 q -58.65 100.95 -57 100.95 q -55.75 100.95 -55.45 98.95 q -55.3 98.15 -55.3 96.5 q -55.3 95.55 -55.7 92.1 q -56.3 89 -56.45 87.6 q -56.5 86.8 -56.95 85.35 q -57.4 83.8 -57.6 83.15 q -58.6 79.8 -60 78.75 cp
f #d94a4a 1 m -57.45 87.15 l -57.8 87.3 q -57.7 88.15 -57.2 90.9 q -56.8 93.05 -56.8 93.6 q -56.8 94.6 -57.3 96.35 q -57.5 97.85 -58.15 99.25 q -58.8 100.7 -60.4 102.75 q -61.5 104.15 -61.5 105.5 q -61.5 107.25 -59.35 107.25 q -57.4 107.25 -56.55 105.55 q -56.05 104.6 -55.9 102.65 q -55.6 100.6 -55.6 97.45 q -55.6 96.6 -55.85 92.35 q -55.9 90.95 -56.35 89.65 q -56.6 88.75 -56.8 88.25 q -57.1 87.35 -57.45 87.15 cp
f #d94a4a 1 m -56 92.85 l -56.35 92.95 q -56.5 93.65 -56.6 95 q -56.75 96.2 -56.9 96.75 q -57.05 97.35 -57.35 98.6 q -57.7 99.7 -58.15 100.45 q -58.45 100.9 -59 102.1 q -59.55 103.2 -60.25 103.7 q -61.35 104.5 -61.7 105.05 q -62.1 105.75 -62.1 106.95 q -61.85 108.4 -60 108.4 q -59.8 108.4 -58.45 106.85 q -57 105.2 -56.85 104.7 q -56.3 103.45 -56.15 102.85 l -55.8 100.9 q -55.3 98.05 -55.25 96.8 q -55.1 94.8 -56 92.85 cp
f #d94a4a 1 m -56.55 102.9 q -56.7 102.75 -57.45 102.75 q -57.5 102.75 -58.75 104 q -60.05 105.3 -61 105.65 q -61.6 105.9 -63.05 106 q -64.2 106.25 -64.2 107.5 q -64.2 108.1 -63.8 108.7 q -63.1 109.8 -61.4 109.8 q -60.8 109.8 -59.3 108.4 q -57.95 107.2 -57.8 106.85 q -57.25 105.8 -56.95 105.25 q -56.45 104.2 -56.45 103.8 q -56.45 103.05 -56.55 102.9 cp
f #d94a4a 1 m -66.15 112.55 q -66.85 112 -67.8 112 q -68.75 112 -69.45 112.55 q -70.15 113.1 -70.15 113.9 q -70.15 114.7 -69.45 115.25 q -68.75 115.8 -67.8 115.8 q -66.85 115.8 -66.15 115.25 q -65.45 114.7 -65.45 113.9 q -65.45 113.1 -66.15 112.55 cp f #d94a4a 1 m -56.85 109.15 q -56.85 108.4 -56.9 108.35 q -57 108.25 -57.75 108.25 q -58.3 108.25 -59.35 109.2 q -60.45 110.25 -61.05 110.35 q -63 110.75 -63.7 111.2 q -64.4 111.65 -64.4 112.65 q -64.4 114.5 -61.9 114.55 q -59.55 114.55 -58.8 113.45 q -57.65 111.7 -57.55 111.5 q -56.85 110.2 -56.85 109.15 cp
f #d94a4a 1 m -71.85 115.6 q -72.75 115.6 -73.4 116.05 q -74.05 116.55 -74.05 117.2 q -74.05 117.85 -73.4 118.3 q -72.75 118.8 -71.85 118.8 q -70.95 118.8 -70.3 118.3 q -69.65 117.85 -69.65 117.2 q -69.65 116.55 -70.3 116.05 q -70.95 115.6 -71.85 115.6 cp f #d94a4a 1 m -56.5 113.8 q -56.4 113.1 -56.45 113 q -56.5 112.9 -57.2 112.9 q -57.45 112.9 -59.2 114.3 q -60.15 114.95 -61.35 115.4 q -61.75 115.55 -63.9 116.2 q -65.9 116.95 -65.9 117.7 q -65.9 119 -64.8 119 q -62.7 119 -59.65 117.1 q -56.5 115.2 -56.5 113.8 cp
f #d94a4a 1 m -64.15 121.7 l -64.05 121.2 l -64.2 120.6 q -66.1 120.65 -68.7 119.8 q -70.05 119.4 -71.1 118.95 q -71 119.7 -68.75 120.75 q -66.5 121.85 -64.95 121.85 q -64.35 121.85 -64.25 121.8 q -64.2 121.7 -64.15 121.7 cp
f #000 1 m -69.55 31.45 q -68.55 31.45 -67.85 31.1 q -67.2 30.75 -67.2 30.3 q -67.2 29.7 -72.2 28.95 q -74.7 28.55 -77.8 28.2 q -78.1 28.05 -81.75 25.9 q -83.85 24.65 -84.6 24.55 q -83.2 26.15 -79.85 28.15 q -74.45 31.45 -69.55 31.45 cp
f #000 1 m -70.35 42.65 q -66 42.65 -64.1 42.1 q -61.6 41.05 -59.2 40.1 q -57.55 39.45 -54.35 39.25 q -52.1 39.15 -52.1 38.4 q -52.1 37.15 -60.55 36.05 q -65.1 35.45 -72.9 34.5 q -75.55 34 -82.2 30.9 q -88.5 27.9 -88.9 27.9 l -90.75 26.25 q -92.7 24.7 -93.35 25.2 q -90.9 28 -83.85 35.05 q -81.25 38.35 -79.35 39.9 q -75.95 42.65 -70.35 42.65 cp
f #3f0e0b 1 m -80.3 40.3 q -80.25 40.75 -79.85 41.6 q -79.45 42.45 -79.4 42.85 q -79.3 43.75 -78.85 45.35 q -78.55 46.35 -78.3 47.75 q -78.15 48.5 -77.95 49.6 q -77.4 52.15 -76.2 54.8 q -75.7 55.95 -74.45 57.5 q -72.8 59.6 -71.5 59.6 q -71 59.6 -69.3 60 q -67.6 60.35 -67.1 60.35 q -66.55 60.35 -65.6 59.9 q -64.5 59.4 -63.95 58.7 q -62.7 57.25 -62.25 55.95 q -61.7 54.3 -61.7 52.95 q -61.65 51.7 -61 50.15 q -59.55 46.95 -57.9 44.35 q -57.7 44 -55.5 41.25 q -53.9 39.25 -53.9 38.4 q -53.9 37.75 -54.1 37.75 q -54.3 37.7 -55.1 37.8 q -55.5 37.8 -57.85 38.45 q -60.65 39.05 -63.4 39.05 q -69.65 39.05 -79.85 33.2 q -85 30.25 -89.45 27.15 l -89.5 27.05 q -89.55 27.05 -89.55 27.65 q -89.55 28.3 -89.3 28.5 q -89 28.6 -88.95 28.65 l -86.75 30.45 q -85.95 31.25 -85.3 31.7 q -84.05 32.75 -83.75 33 q -82.9 33.75 -82.6 34.25 q -81.9 35.3 -81.85 35.6 q -81.7 36.7 -81.05 37.8 q -80.5 38.85 -80.3 40.3 cp
f #701813 1 m -77.2 41.25 q -77.05 41.6 -76.45 42.45 l -75.25 44.9 q -75.1 45.3 -74.7 46.1 q -74.4 46.85 -74.4 47.35 l -74.3 51.4 q -74.3 52.4 -75.2 55.1 q -75.55 56.8 -76.3 59 q -76.7 60.7 -77 63.7 q -77.2 65.95 -77.2 67.15 q -77.2 71 -75.05 74.3 q -72.4 78.4 -67.8 78.4 q -62.7 78.4 -60.1 75.45 q -59.15 74.35 -58.3 72 q -57.4 69.65 -57.3 68.4 q -57.25 67.8 -57.25 64.6 q -57.25 64 -57.4 63.15 q -57.6 62.2 -57.7 61.7 q -57.8 61.1 -58.35 58.55 q -59 56.35 -59.15 55.4 q -59.4 54.15 -59.4 52.55 q -59.4 51.2 -59 48.6 q -58.75 46.35 -58.1 44.8 q -57.8 44.1 -57.05 42.9 l -56.35 41.6 q -55.55 40.95 -55.2 40.65 q -54.85 40.55 -54.7 40.45 q -54.45 40.25 -54.45 39.65 q -54.45 38.95 -54.65 38.85 q -54.75 38.8 -55.65 38.8 q -56.3 38.8 -58.6 39.5 q -60.85 40.2 -64.9 40.2 q -71.35 40.2 -77.6 35.75 q -80.95 33.35 -84.95 29.35 q -85.05 29.5 -85.2 29.5 q -85.35 29.65 -85.35 30.25 q -85.35 30.85 -85.1 31.1 q -84.75 31.3 -84.65 31.45 l -83.85 32.7 q -83.15 33.5 -82.9 33.85 q -82.45 34.3 -82.3 34.5 l -81.85 35.1 q -80.95 36.2 -80.85 36.3 l -77.85 40.05 q -77.5 40.55 -77.2 41.25 cp
f #811c16 1 m -78 35.4 l -78.35 35.55 l -78.45 35.9 l -75.05 40.8 q -73.75 42.75 -72.9 45.65 q -72.65 46.45 -72.05 48.2 q -71.85 49 -71.35 50.7 q -71.3 51.3 -70.95 53.45 q -70.7 55.1 -70.7 55.65 q -70.7 56.65 -71.2 58.85 q -71.35 60 -71.8 62.05 q -71.95 63.1 -72.6 65.15 l -73.65 68.4 q -73.9 69.45 -74.55 71.05 q -75.4 73.3 -75.7 74.3 q -76.45 77.05 -76.5 77.6 q -76.6 78.7 -76.85 81.15 q -76.85 85.05 -74.9 88.05 q -71.8 92.85 -64.65 92.85 q -63.1 92.85 -60.5 91.55 q -57.4 89.95 -56.85 88 q -56.7 87.35 -56.25 86.15 q -55.8 85.05 -55.65 84.35 q -55.2 82.5 -55.2 80.6 q -55.2 77.15 -55.7 73.8 q -55.8 73.1 -56.25 71.9 q -56.8 70.6 -56.85 70.3 q -57.4 68.15 -58.05 66.5 q -58.9 64.15 -59.7 62.85 q -60.8 61 -61.2 59.1 q -61.4 58.25 -61.8 57.05 q -62.25 55.8 -62.35 55.45 q -62.7 54.3 -62.7 51.8 q -62.7 47.85 -62.3 46.5 q -62.1 45.9 -61.6 45.15 q -61.05 44.3 -60.95 44.1 q -60.85 43.95 -59.6 42.75 q -58.4 41.65 -58.4 41.25 q -58.4 40.65 -58.55 40.7 q -58.65 40.7 -58.9 40.8 q -62.45 41.6 -64.7 41.6 q -67.2 41.6 -72.4 38.9 q -76.85 36.55 -78 35.4 cp
f #a5241c 1 m -66.95 44.05 q -67.9 44.05 -67.95 46.35 q -68 47.75 -67.9 51.3 q -68 53.3 -67.9 55.55 q -67.85 57.6 -67.9 58.25 q -67.95 59.4 -68.4 60.65 q -68.7 61.55 -69.15 63.5 l -70.85 68.4 q -71.6 70.4 -71.7 70.9 q -71.75 71.1 -72.25 72.05 q -72.75 73 -72.9 73.5 q -73.25 74.7 -74.2 76.15 q -75.3 78 -75.65 78.75 q -76.55 80.7 -77.95 84.25 q -78.15 84.8 -78.55 86.95 q -78.6 87.4 -78.85 88.3 q -79.05 89.15 -79.05 89.75 q -79.05 90.85 -78.25 94.4 q -77.2 97.7 -76.65 99.1 q -76.2 100.15 -75.25 101.45 q -74.3 102.7 -73.45 103.45 q -72.55 104.35 -71.35 105.1 q -69 106.55 -66.75 106.55 q -62.9 106.55 -59.25 102.8 q -56.65 100.15 -55.9 98.05 q -55.7 97.5 -55.25 96.7 q -54.85 95.95 -54.75 95.6 q -54.1 93.25 -54.05 92.9 q -53.4 88.35 -53.4 87.45 q -53.4 85.65 -54.15 82 q -54.45 80.3 -54.7 79.6 q -55 78.6 -55.9 76.75 q -57 74.55 -59.05 71.15 q -61.5 67.05 -62.3 65.65 q -64.45 61.7 -64.8 60.2 q -65.1 59.05 -65.6 54.5 q -66.2 50.7 -66.3 49.1 l -66.35 46.5 q -66.25 45.4 -66.25 44.9 q -66.3 44.05 -66.95 44.05 cp
f #a5241c 1 m -66.4 56.1 q -66.4 56.2 -67.15 61.3 q -67.7 65.55 -68.05 66.45 q -68.65 67.95 -70.4 71.7 q -71.55 74.6 -72.95 77.2 q -75.05 81.25 -75.5 82.6 q -75.6 82.95 -76.65 85.05 q -77 85.9 -77.55 87.7 q -78.25 89.6 -78.35 90.35 l -78.7 92.8 q -79.6 96.6 -79.6 98.55 q -79.6 99.15 -79.15 102.6 q -78.9 104.75 -77.95 106.8 q -77.4 107.4 -75.1 110.6 q -71.9 113.55 -65.9 113.55 q -59.65 113.55 -55.15 107.9 q -53.85 106.25 -53.15 103.65 q -52.4 100.75 -52.4 99.3 q -52.4 97.55 -52.85 94.3 q -53.3 92.4 -53.45 91.75 q -53.85 89.8 -54.05 88.9 q -54.3 87.75 -55.05 86.05 q -56 84.1 -56.4 83.2 q -56.9 82 -58 80.3 q -59.55 77.9 -59.65 77.7 q -61.45 73.8 -62.25 72.45 q -63.2 70.75 -63.45 69.7 q -64.1 67.75 -64.3 66.85 q -64.95 65 -65 64.25 l -65.35 61.4 q -65.8 59.5 -65.8 58.6 q -65.9 56.7 -66.4 56.1 cp
f #a5241c 1 m -78.05 86.9 q -79.75 92.3 -79.75 96.7 q -79.75 97.75 -79 101.85 q -78.9 102.5 -78.6 103.3 q -78.15 106.4 -75.2 108.8 q -71.7 111.7 -66.4 111.7 q -58.7 111.7 -55.2 105.65 q -53 101.8 -53 97.35 q -53 90 -56 81.9 q -59.2 73.2 -65.55 64.5 q -74.6 76.1 -78.05 86.9 cp
f #a5241c 1 m -66.6 67.2 l -66.9 67.25 l -66.95 67.4 q -66.3 68.7 -65.3 70.15 q -64.3 72.15 -64.3 73.15 q -64.3 73.2 -64.45 74.75 q -64.75 76.3 -65.65 76.3 q -66.35 76.3 -69.2 77.2 q -72.4 78.15 -73.7 79 q -75.25 80 -75.95 81.2 q -76.3 81.85 -77.05 84.15 q -77.35 85.05 -78.1 87 q -78.6 88.8 -78.8 90 q -79.45 93.7 -79.45 95.8 q -79.45 96.45 -79.2 100.8 q -79.15 102.25 -78.35 105.75 q -78.2 106.6 -77.15 108 q -76.55 108.8 -75.4 110.1 q -73.45 112.45 -69.4 113.2 q -65.8 113.55 -65.8 113.6 l -65.8 113.65 q -61.6 113.4 -58.2 110.3 q -55.35 107.6 -54.75 105.1 q -53.9 101.55 -53.85 100.75 q -53.6 97.6 -53.6 95.4 q -53.6 94.85 -53.85 93.75 q -54.15 92.35 -54.2 92 q -54.45 89.85 -54.95 88.55 q -55.95 86 -56.2 85.05 q -56.6 83.7 -57.65 81.45 q -59.85 76.55 -61.15 74.25 q -63.3 70.3 -66.6 67.2 cp
f #a5241c 1 m -65.5 70.6 l -65.75 70.65 l -65.9 70.9 q -65.85 71.1 -65.3 71.7 q -64.9 72.2 -64.9 72.75 q -64.9 73.2 -62.45 76.9 q -60.8 80.1 -60.4 81.15 q -59.85 82.55 -59.55 85.35 q -59.3 87.75 -59.3 89.85 q -59.3 90.85 -59.9 93.05 q -60.1 94.15 -60.9 95.15 q -61.9 96.3 -63.25 96.3 q -68.75 96.3 -71.2 94.95 q -73.65 93.6 -74.85 93.6 q -76.2 93.6 -77.7 95.4 q -78.85 96.75 -79.1 97.55 q -79.9 99.55 -79.9 102.55 q -79.9 103.05 -79.65 104.5 q -79.35 106.05 -79.3 106.75 q -79.25 107.65 -78.8 108.85 q -78.5 109.55 -77.9 111 q -76.95 113.25 -74.35 115.05 q -70.85 117.5 -65.95 117.5 q -61.7 117.5 -58.05 114.55 q -55 112.05 -54.85 110.3 q -54.75 109.55 -54.3 107.95 q -53.8 106.35 -53.75 105.8 q -53.3 102.2 -53.3 101.05 q -53.3 99.75 -53.7 97.25 q -54.35 94.7 -54.65 93.4 q -55.15 91 -55.6 89.65 q -56 88.3 -57.05 85.7 q -58 83.25 -58.45 82.45 q -59.85 79.45 -60.4 78.5 q -61.3 77 -62.95 74.5 q -64.95 71.5 -65.5 70.6 cp
f #a5241c 1 m -54.65 97.75 l -54.8 98 q -54.35 100.95 -54.95 104.6 q -55.1 106.35 -56.6 108.2 q -59.15 111.45 -64.25 111.45 q -68.1 111.45 -70.65 109.7 q -72.8 107.75 -73.7 107.35 q -77.55 105.9 -78.8 108.15 q -79.4 109.15 -79.4 111.3 q -79.4 115.45 -75.35 118.4 q -71.45 121.3 -66.1 121.3 q -62.15 121.3 -59.1 119.35 q -56.65 117.75 -55.3 115.2 q -54.8 114.4 -54.5 113.75 q -53.8 112.55 -53.7 111.85 q -53.05 108.8 -53.05 107.45 q -53.05 104.85 -53.4 102.4 q -53.7 99.85 -54.4 97.7 l -54.65 97.75 cp
f #3f0e0b 1 m -57.45 118.95 l -57.6 118.7 q -58 118.8 -59.45 119.3 q -60.9 119.7 -61.5 119.7 q -65.1 119.7 -67.75 117.1 q -69.45 115.45 -70.25 113.4 q -71.8 110.55 -74.8 109.5 q -78.05 108.35 -78.05 112.2 q -78.05 114.6 -75.1 118.2 q -71.3 122.85 -65.8 122.85 q -61.9 122.85 -59.9 121.7 q -58.55 120.9 -57.45 118.95 cp
f #000 1 m -79.3 109.25 q -79.95 110.25 -79.95 111.15 q -79.95 111.75 -79.9 111.75 l -79.55 111.65 q -79.05 110.6 -78.4 109.9 q -77.2 108.5 -75.15 108.5 q -73.45 108.9 -72.85 109 q -71.8 109.2 -71.8 107.8 q -71.8 106.7 -73.8 106.7 q -75.7 106.7 -77.5 107.6 q -78.6 108.15 -79.3 109.25 cp
f #000 1 m -74.65 104.55 q -74.65 104.65 -74.8 104.85 q -73.4 105.5 -72.75 106.15 q -72.2 106.65 -71.3 106.95 q -70.95 106.8 -70.65 106.15 q -70.85 105.25 -72.2 105 q -72.95 104.8 -74.65 104.55 cp