f #ff0 1 m 158.05 260.35 q 150.55 263.85 146.3 265 l 167.45 265 l 167.45 255.25 q 165.25 257 158.05 260.35 cp
f #ff0 1 m 152.1 236.65 q 147.55 239.15 138.65 244.05 q 121.75 252.55 97.55 254.4 l 97.55 265 l 167.45 265 l 167.45 229.6 q 160.25 232.15 152.1 236.65 cp
f #ff0 1 m 100.45 231.85 l 97.55 231.7 l 97.55 265 l 167.45 265 l 167.45 216.4 l 164.85 216.4 q 161.4 217.1 131.5 225.05 q 106 231.85 100.45 231.85 cp f #ff0 1 m 127.35 180.85 q 126.85 182.15 126.85 187.4 q 126.85 193.55 131.35 198.2 q 136.25 203.3 143.65 203.3 q 144.5 203.3 147.3 201.75 q 150.35 200.1 150.6 199.1 q 151.25 196.85 151.25 192.5 q 150.5 188.2 148.25 184.2 q 143.8 176.25 136.2 176.25 q 129.1 176.25 127.35 180.85 cp
f #ff0 1 m 97.55 224.2 l 97.55 265 l 167.45 265 l 167.45 236.7 q 144.8 234.65 130.6 230.25 q 116.55 225.9 97.55 224.2 cp f #ff0 1 m 116.85 188.65 q 116.85 191.75 119.65 194.1 q 123.75 197.55 132.55 197.55 q 138.2 197.55 142.65 192.9 q 146.35 189.05 146.35 186.35 q 146.35 182.45 144.95 180.2 q 141.55 174.7 131 174.7 q 122.9 174.7 119.15 180.85 q 116.85 184.65 116.85 188.65 cp
f #ff0 1 m 137.45 237.3 q 133.85 236.2 129.95 235.15 q 121.9 232.15 116.95 230.45 q 107.8 227.25 97.55 226.7 l 97.55 265 l 167.45 265 l 167.45 242.85 q 154.2 242.4 148.7 241 q 145 239.45 143.3 239 q 140.7 238.3 137.45 237.3 cp f #ff0 1 m 113.6 195.35 q 113.6 195.55 113.6 197.45 q 113.7 199.65 114.4 201.4 q 116.65 206.9 123.85 206.9 q 128.8 206.9 133.15 202.05 q 137.75 196.95 137.75 190.5 q 137.75 188.3 136.2 185.85 q 133.75 181.9 128.75 181.9 q 119.2 181.9 115.55 187.65 q 113.6 190.75 113.6 195.35 cp
f #ff0 1 m 117.15 188.95 q 109.7 187.6 106.35 187.4 l 97.55 187.4 l 97.55 265 l 167.45 265 l 167.45 206.25 q 159.55 205.8 155.3 204.6 q 151.75 203.25 149.6 202.8 q 149.35 202.75 144.75 200.7 q 140.55 198.85 138.9 198.85 q 134.75 203.6 134.35 203.6 q 133.7 203.6 133.6 203.35 q 133.6 203 133.55 202.8 q 133.55 202.75 133.95 202.4 q 134.3 202.1 134.3 201.5 q 133.6 200.05 133.55 197.95 q 133.45 195.55 133.15 193.7 q 133.25 191.65 132.25 189.95 q 130.3 186.65 124.65 186.65 l 117.15 188.95 bh m 129.4 198.25 q 130.7 199.25 130.7 201.65 l 129.95 205.4 q 128.75 209.25 126.45 209.25 q 123.95 209.25 123 207.2 q 122.5 206.2 122.5 204.85 q 122.5 199.35 126.6 197.9 q 128.25 197.35 129.4 198.25 eh cp
f #ff0 1 m 64.9 162.65 q 61.6 163.75 53 167.45 l 97.55 167.45 l 97.55 265 l 167.45 265 l 167.45 188.35 q 161.55 186.05 152.95 180.9 q 146.25 176.9 139.55 172.15 q 132.8 167.3 126 164.75 q 109.95 158.65 86.7 158.65 q 76.75 158.65 64.9 162.65 bh m 133 178.95 q 134.2 180.65 134.2 183.05 q 134.2 185.45 133 187.15 q 131.85 188.85 130.2 188.85 q 128.55 188.85 127.35 187.15 q 126.2 185.45 126.2 183.05 q 126.2 180.65 127.35 178.95 q 128.55 177.25 130.2 177.25 q 131.85 177.25 133 178.95 eh cp
f #ff0 1 m 214.15 138.9 q 196.7 133.85 162.55 122.25 q 128.85 110.8 113.4 106.4 q 87.5 99 69.85 97.55 l 0 97.55 l 0 167.45 l 97.55 167.45 l 97.55 265 l 167.45 265 l 167.45 167.45 l 265 167.45 l 265 150.05 q 243.05 147.25 214.15 138.9 bh m 118.25 151.6 q 121.45 151.3 121.45 153.65 q 121.45 154.85 120.3 155.95 q 119.1 157.1 117.75 157.1 q 115.9 157.1 115.3 156.35 q 115.05 156.05 115.05 155.4 q 115.05 151.95 118.25 151.6 eh cp
f #ff0 1 m 180.4 190 q 179.55 190.3 179.3 191.35 q 179.15 191.9 179 192.7 q 178.65 193.25 175.75 196 l 176.15 196.8 q 178.3 196.65 179.8 194.8 q 181.05 193.35 181.05 192.3 q 181.05 191.2 180.4 190 cp f #ff0 1 m 241.85 97.55 l 167.45 97.55 l 167.45 37.1 q 156.05 25.95 142.9 20.55 q 128.7 14.75 110.5 14.75 q 99.8 15.05 97.55 15.05 l 97.55 97.55 l 0 97.55 l 0 167.45 l 97.55 167.45 l 97.55 265 l 167.45 265 l 167.45 201.05 q 166.6 201.6 164.95 201.6 q 163.45 201.65 162.8 202.3 q 162.3 202.8 160.65 204.6 q 159.05 206.15 157.8 206.15 q 155.9 206 155.45 206 q 155 206.05 153.55 207.05 q 151.85 208.25 151.1 208.6 q 150.2 209 148.9 209 q 147.7 209 145.15 208 q 142.85 207 142.75 207 q 139.4 207.55 138.15 207.55 q 136.1 207.6 136.1 205 q 136.1 204.15 137.05 203.5 q 138.35 202.55 141.1 202.55 q 141.85 202.55 142 202.55 q 142.5 202.45 143.7 201.9 q 144.6 201.5 145.65 201.4 q 146.9 201.3 150.9 201.35 q 151.75 199.8 154.1 198.15 q 157.05 196.1 159.1 197.05 q 159 195.5 160.8 192.8 q 162.9 189.75 165.25 189.75 q 166.25 189.75 167.45 190 q 167.2 189.55 167.1 189.1 q 166.85 188.2 167.45 188.2 q 168 188.2 168.75 187.2 q 169.75 185.85 171.65 184.85 q 172 184.65 173.3 184.35 q 174.2 184.15 174.35 183.7 q 174.15 183.5 173.05 183.3 q 171.9 183.05 171.15 183.05 q 169.85 183.75 169.4 183.75 q 168.8 183.7 167.45 180.1 l 167.45 167.45 l 265 167.45 l 265 115.45 q 258.85 109.5 255.25 106.3 q 248.7 100.55 241.85 97.55 bh m 120.2 196.55 q 120.2 193.65 122.6 196.3 q 123.9 197.65 125.6 200 q 125.5 200.1 124.85 200.95 q 124.55 201.3 124.3 201.3 q 122.8 201.3 121.35 199.1 q 120.2 197.3 120.2 196.55 eh cp
f #ff0 1 m 167.45 97.55 l 167.45 0 l 97.55 0 l 97.55 97.55 l 0 97.55 l 0 167.45 l 97.55 167.45 l 97.55 265 l 167.45 265 l 167.45 167.45 l 188.2 167.45 q 188.2 168.6 188.7 170.15 q 189.35 172.25 190.4 172.25 q 191 172.25 191.3 171.95 q 191.45 171.8 191.55 171.65 q 191.8 169.65 191.8 168.9 q 191.8 168.25 191.65 167.95 q 191.45 167.65 191.35 167.45 l 265 167.45 l 265 97.55 l 167.45 97.55 bh m 172.45 131.2 q 173.8 132.15 174.7 134.3 q 175.65 136.35 175.15 137.2 q 176.55 137.45 178.15 139.6 q 179.55 141.6 179.6 142.75 q 179.75 145 180.5 146.1 q 181.15 147.1 181.15 148.3 q 181.15 149.3 181.05 148.9 q 181.15 149.55 180.15 149.55 q 179.95 149.55 176.7 146.2 q 173.4 142.8 172.2 141.35 q 171.35 140.3 169.9 139.65 q 167.05 138.3 166.8 138.15 q 165.25 137.3 165.25 134.25 q 165.25 132.45 167.25 130.95 q 169.65 129.1 172.45 131.2 eh bh m 186.35 156 q 186.35 156.7 185.85 157.2 q 185.4 157.7 184.7 157.7 q 184 157.7 183.5 157.2 q 183.05 156.7 183.05 156 q 183.05 155.3 183.5 154.8 q 184 154.3 184.7 154.3 q 185.4 154.3 185.85 154.8 q 186.35 155.3 186.35 156 eh cp
f #ff0 1 m 167.45 97.55 l 167.45 0 l 97.55 0 l 97.55 97.55 l 0 97.55 l 0 167.45 l 97.55 167.45 l 97.55 265 l 167.45 265 l 167.45 167.45 l 265 167.45 l 265 97.55 l 167.45 97.55 bh m 146.3 122.6 q 147.45 122.6 148.55 123.25 q 149.85 124 149.85 125.15 q 149.85 126.8 147 127.3 q 144.05 127.6 143.8 127.85 q 141.25 130.7 139.55 130.7 q 136.75 130.7 135.6 129.55 q 134.95 128.9 134.95 127.95 q 134.95 124.1 138.3 123.75 q 140.1 123.55 142.95 124.15 q 143.05 124.15 146.3 122.6 eh bh m 157.9 124.75 q 158.6 124.75 159.1 125.2 q 159.65 125.65 159.65 126.25 q 159.65 126.85 159.1 127.3 q 158.6 127.75 157.9 127.75 q 157.2 127.75 156.65 127.3 q 156.15 126.85 156.15 126.25 q 156.15 125.65 156.65 125.2 q 157.2 124.75 157.9 124.75 eh cp
f #ff0 1 m 167.45 97.55 l 167.45 0 l 97.55 0 l 97.55 97.55 l 0 97.55 l 0 167.45 l 97.55 167.45 l 97.55 265 l 167.45 265 l 167.45 167.45 l 265 167.45 l 265 97.55 l 167.45 97.55 bh m 132.9 130.65 q 132.9 131.25 132.5 131.65 q 132.1 132.05 131.55 132.05 q 131 132.05 130.6 131.65 q 130.2 131.25 130.2 130.65 q 130.2 130.05 130.6 129.65 q 131 129.25 131.55 129.25 q 132.1 129.25 132.5 129.65 q 132.9 130.05 132.9 130.65 eh bh m 134.15 135.55 q 133.8 135.55 133.55 135.3 q 133.3 135.1 133.3 134.75 q 133.3 134.4 133.55 134.15 q 133.8 133.95 134.15 133.95 q 134.5 133.95 134.75 134.15 q 135 134.4 135 134.75 q 135 135.1 134.75 135.3 q 134.5 135.55 134.15 135.55 eh bh m 124.45 135.95 q 124.45 134.45 126.5 133.15 q 128.6 131.85 129.95 132.75 q 129.95 132.85 130.15 133.25 q 130.35 133.65 130.35 134.25 q 130.35 135.35 129.2 136.6 q 128.05 137.85 127 137.85 q 125.25 137.85 124.7 137.1 q 124.45 136.75 124.45 135.95 eh cp
f #ff0 1 m 167.45 97.55 l 167.45 0 l 97.55 0 l 97.55 97.55 l 0 97.55 l 0 167.45 l 97.55 167.45 l 97.55 265 l 167.45 265 l 167.45 167.45 l 265 167.45 l 265 97.55 l 167.45 97.55 cp