f #ff0 1 m 158.05 260.35 q 150.55 263.85 146.3 265 l 167.45 265 l 167.45 255.25 q 165.25 257 158.05 260.35 cp
f #ff0 1 m 152.1 236.65 q 147.55 239.15 138.65 244.05 q 121.75 252.55 97.55 254.4 l 97.55 265 l 167.45 265 l 167.45 229.6 q 160.25 232.15 152.1 236.65 cp
f #ff0 1 m 100.45 231.85 l 97.55 231.7 l 97.55 265 l 167.45 265 l 167.45 216.4 l 164.85 216.4 q 161.4 217.1 131.5 225.05 q 106 231.85 100.45 231.85 cp f #ff0 1 m 127.35 180.85 q 126.85 182.15 126.85 187.4 q 126.85 193.55 131.35 198.2 q 136.25 203.3 143.65 203.3 q 144.5 203.3 147.3 201.75 q 150.35 200.1 150.6 199.1 q 151.25 196.85 151.25 192.5 q 150.5 188.2 148.25 184.2 q 143.8 176.25 136.2 176.25 q 129.1 176.25 127.35 180.85 cp
f #ff0 1 m 97.55 224.2 l 97.55 265 l 167.45 265 l 167.45 236.7 q 144.8 234.65 130.6 230.25 q 116.55 225.9 97.55 224.2 cp f #ff0 1 m 116.85 188.65 q 116.85 191.75 119.65 194.1 q 123.75 197.55 132.55 197.55 q 138.2 197.55 142.65 192.9 q 146.35 189.05 146.35 186.35 q 146.35 182.45 144.95 180.2 q 141.55 174.7 131 174.7 q 122.9 174.7 119.15 180.85 q 116.85 184.65 116.85 188.65 cp
f #ff0 1 m 137.45 237.3 q 133.85 236.2 129.95 235.15 q 121.9 232.15 116.95 230.45 q 107.8 227.25 97.55 226.7 l 97.55 265 l 167.45 265 l 167.45 242.85 q 154.2 242.4 148.7 241 q 145 239.45 143.3 239 q 140.7 238.3 137.45 237.3 cp f #ff0 1 m 113.6 195.35 q 113.6 195.55 113.6 197.45 q 113.7 199.65 114.4 201.4 q 116.65 206.9 123.85 206.9 q 128.8 206.9 133.15 202.05 q 137.75 196.95 137.75 190.5 q 137.75 188.3 136.2 185.85 q 133.75 181.9 128.75 181.9 q 119.2 181.9 115.55 187.65 q 113.6 190.75 113.6 195.35 cp
f #ff0 1 m 117.15 188.95 q 109.7 187.6 106.35 187.4 l 97.55 187.4 l 97.55 265 l 167.45 265 l 167.45 206.25 q 159.55 205.8 155.3 204.6 q 151.75 203.25 149.6 202.8 q 149.35 202.75 144.75 200.7 q 140.55 198.85 138.9 198.85 q 134.75 203.6 134.35 203.6 q 133.7 203.6 133.6 203.35 q 133.6 203 133.55 202.8 q 133.55 202.75 133.95 202.4 q 134.3 202.1 134.3 201.5 q 133.6 200.05 133.55 197.95 q 133.45 195.55 133.15 193.7 q 133.25 191.65 132.25 189.95 q 130.3 186.65 124.65 186.65 l 117.15 188.95 bh m 129.4 198.25 q 130.7 199.25 130.7 201.65 l 129.95 205.4 q 128.75 209.25 126.45 209.25 q 123.95 209.25 123 207.2 q 122.5 206.2 122.5 204.85 q 122.5 199.35 126.6 197.9 q 128.25 197.35 129.4 198.25 eh cp
f #ff0 1 m 64.9 162.65 q 61.6 163.75 53 167.45 l 97.55 167.45 l 97.55 265 l 167.45 265 l 167.45 188.35 q 161.55 186.05 152.95 180.9 q 146.25 176.9 139.55 172.15 q 132.8 167.3 126 164.75 q 109.95 158.65 86.7 158.65 q 76.75 158.65 64.9 162.65 bh m 133 178.95 q 134.2 180.65 134.2 183.05 q 134.2 185.45 133 187.15 q 131.85 188.85 130.2 188.85 q 128.55 188.85 127.35 187.15 q 126.2 185.45 126.2 183.05 q 126.2 180.65 127.35 178.95 q 128.55 177.25 130.2 177.25 q 131.85 177.25 133 178.95 eh cp
f #ff0 1 m 214.15 138.9 q 196.7 133.85 162.55 122.25 q 128.85 110.8 113.4 106.4 q 87.5 99 69.85 97.55 l 0 97.55 l 0 167.45 l 97.55 167.45 l 97.55 265 l 167.45 265 l 167.45 167.45 l 265 167.45 l 265 150.05 q 243.05 147.25 214.15 138.9 bh m 118.25 151.6 q 121.45 151.3 121.45 153.65 q 121.45 154.85 120.3 155.95 q 119.1 157.1 117.75 157.1 q 115.9 157.1 115.3 156.35 q 115.05 156.05 115.05 155.4 q 115.05 151.95 118.25 151.6 eh cp
f #ff0 1 m 180.4 190 q 179.55 190.3 179.3 191.35 q 179.15 191.9 179 192.7 q 178.65 193.25 175.75 196 l 176.15 196.8 q 178.3 196.65 179.8 194.8 q 181.05 193.35 181.05 192.3 q 181.05 191.2 180.4 190 cp f #ff0 1 m 241.85 97.55 l 167.45 97.55 l 167.45 37.1 q 156.05 25.95 142.9 20.55 q 128.7 14.75 110.5 14.75 q 99.8 15.05 97.55 15.05 l 97.55 97.55 l 0 97.55 l 0 167.45 l 97.55 167.45 l 97.55 265 l 167.45 265 l 167.45 201.05 q 166.6 201.6 164.95 201.6 q 163.45 201.65 162.8 202.3 q 162.3 202.8 160.65 204.6 q 159.05 206.15 157.8 206.15 q 155.9 206 155.45 206 q 155 206.05 153.55 207.05 q 151.85 208.25 151.1 208.6 q 150.2 209 148.9 209 q 147.7 209 145.15 208 q 142.85 207 142.75 207 q 139.4 207.55 138.15 207.55 q 136.1 207.6 136.1 205 q 136.1 204.15 137.05 203.5 q 138.35 202.55 141.1 202.55 q 141.85 202.55 142 202.55 q 142.5 202.45 143.7 201.9 q 144.6 201.5 145.65 201.4 q 146.9 201.3 150.9 201.35 q 151.75 199.8 154.1 198.15 q 157.05 196.1 159.1 197.05 q 159 195.5 160.8 192.8 q 162.9 189.75 165.25 189.75 q 166.25 189.75 167.45 190 q 167.2 189.55 167.1 189.1 q 166.85 188.2 167.45 188.2 q 168 188.2 168.75 187.2 q 169.75 185.85 171.65 184.85 q 172 184.65 173.3 184.35 q 174.2 184.15 174.35 183.7 q 174.15 183.5 173.05 183.3 q 171.9 183.05 171.15 183.05 q 169.85 183.75 169.4 183.75 q 168.8 183.7 167.45 180.1 l 167.45 167.45 l 265 167.45 l 265 115.45 q 258.85 109.5 255.25 106.3 q 248.7 100.55 241.85 97.55 bh m 120.2 196.55 q 120.2 193.65 122.6 196.3 q 123.9 197.65 125.6 200 q 125.5 200.1 124.85 200.95 q 124.55 201.3 124.3 201.3 q 122.8 201.3 121.35 199.1 q 120.2 197.3 120.2 196.55 eh cp
f #ff0 1 m 167.45 97.55 l 167.45 0 l 97.55 0 l 97.55 97.55 l 0 97.55 l 0 167.45 l 97.55 167.45 l 97.55 265 l 167.45 265 l 167.45 167.45 l 188.2 167.45 q 188.2 168.6 188.7 170.15 q 189.35 172.25 190.4 172.25 q 191 172.25 191.3 171.95 q 191.45 171.8 191.55 171.65 q 191.8 169.65 191.8 168.9 q 191.8 168.25 191.65 167.95 q 191.45 167.65 191.35 167.45 l 265 167.45 l 265 97.55 l 167.45 97.55 bh m 172.45 131.2 q 173.8 132.15 174.7 134.3 q 175.65 136.35 175.15 137.2 q 176.55 137.45 178.15 139.6 q 179.55 141.6 179.6 142.75 q 179.75 145 180.5 146.1 q 181.15 147.1 181.15 148.3 q 181.15 149.3 181.05 148.9 q 181.15 149.55 180.15 149.55 q 179.95 149.55 176.7 146.2 q 173.4 142.8 172.2 141.35 q 171.35 140.3 169.9 139.65 q 167.05 138.3 166.8 138.15 q 165.25 137.3 165.25 134.25 q 165.25 132.45 167.25 130.95 q 169.65 129.1 172.45 131.2 eh bh m 186.35 156 q 186.35 156.7 185.85 157.2 q 185.4 157.7 184.7 157.7 q 184 157.7 183.5 157.2 q 183.05 156.7 183.05 156 q 183.05 155.3 183.5 154.8 q 184 154.3 184.7 154.3 q 185.4 154.3 185.85 154.8 q 186.35 155.3 186.35 156 eh cp
f #ff0 1 m 167.45 97.55 l 167.45 0 l 97.55 0 l 97.55 97.55 l 0 97.55 l 0 167.45 l 97.55 167.45 l 97.55 265 l 167.45 265 l 167.45 167.45 l 265 167.45 l 265 97.55 l 167.45 97.55 bh m 146.3 122.6 q 147.45 122.6 148.55 123.25 q 149.85 124 149.85 125.15 q 149.85 126.8 147 127.3 q 144.05 127.6 143.8 127.85 q 141.25 130.7 139.55 130.7 q 136.75 130.7 135.6 129.55 q 134.95 128.9 134.95 127.95 q 134.95 124.1 138.3 123.75 q 140.1 123.55 142.95 124.15 q 143.05 124.15 146.3 122.6 eh bh m 157.9 124.75 q 158.6 124.75 159.1 125.2 q 159.65 125.65 159.65 126.25 q 159.65 126.85 159.1 127.3 q 158.6 127.75 157.9 127.75 q 157.2 127.75 156.65 127.3 q 156.15 126.85 156.15 126.25 q 156.15 125.65 156.65 125.2 q 157.2 124.75 157.9 124.75 eh cp
f #ff0 1 m 167.45 97.55 l 167.45 0 l 97.55 0 l 97.55 97.55 l 0 97.55 l 0 167.45 l 97.55 167.45 l 97.55 265 l 167.45 265 l 167.45 167.45 l 265 167.45 l 265 97.55 l 167.45 97.55 bh m 132.9 130.65 q 132.9 131.25 132.5 131.65 q 132.1 132.05 131.55 132.05 q 131 132.05 130.6 131.65 q 130.2 131.25 130.2 130.65 q 130.2 130.05 130.6 129.65 q 131 129.25 131.55 129.25 q 132.1 129.25 132.5 129.65 q 132.9 130.05 132.9 130.65 eh bh m 134.15 135.55 q 133.8 135.55 133.55 135.3 q 133.3 135.1 133.3 134.75 q 133.3 134.4 133.55 134.15 q 133.8 133.95 134.15 133.95 q 134.5 133.95 134.75 134.15 q 135 134.4 135 134.75 q 135 135.1 134.75 135.3 q 134.5 135.55 134.15 135.55 eh bh m 124.45 135.95 q 124.45 134.45 126.5 133.15 q 128.6 131.85 129.95 132.75 q 129.95 132.85 130.15 133.25 q 130.35 133.65 130.35 134.25 q 130.35 135.35 129.2 136.6 q 128.05 137.85 127 137.85 q 125.25 137.85 124.7 137.1 q 124.45 136.75 124.45 135.95 eh cp
f #ff0 1 m 167.45 97.55 l 167.45 0 l 97.55 0 l 97.55 97.55 l 0 97.55 l 0 167.45 l 97.55 167.45 l 97.55 265 l 167.45 265 l 167.45 167.45 l 265 167.45 l 265 97.55 l 167.45 97.55 cp
f #f93 1 m 144.45 -138.3 q 144.25 -137.95 144.05 -137.6 q 143.9 -136.6 143.75 -135.55 q 143.6 -135.2 143.45 -134.85 q 143.3 -133.15 143.15 -131.4 q 143.05 -131.1 142.9 -130.75 q 142.8 -122.35 142.75 -113.85 q 142.8 -113.85 142.9 -113.85 q 142.95 -113.4 143.05 -112.85 q 143.15 -110.75 143.3 -108.7 q 143.35 -108.55 143.35 -108.5 q 143.35 -106.35 143.3 -104.25 q 143.35 -104.25 143.45 -104.25 q 143.5 -103.75 143.6 -103.2 q 143.75 -101.85 143.9 -100.45 q 144.05 -99.95 144.15 -99.4 q 144.3 -98.4 144.45 -97.35 q 144.6 -96.85 144.75 -96.3 q 144.9 -95.5 145.05 -94.6 q 145.1 -94.3 145.2 -94.05 q 145.25 -93.45 145.3 -92.9 q 145.5 -91.85 145.75 -90.8 q 145.95 -89.8 146.15 -88.75 q 146.3 -87.7 146.45 -86.7 q 146.5 -86.2 146.6 -85.65 q 146.75 -84.95 146.9 -84.25 q 147.1 -83.25 147.3 -82.2 q 147.45 -81.05 147.6 -79.8 q 147.65 -79.3 147.75 -78.75 q 147.9 -78.4 148.05 -78.1 q 148.25 -77.75 148.45 -77.4 l 148.5 -77.4 q 148.55 -77.05 148.6 -76.7 q 148.75 -76.2 148.9 -75.65 q 149.05 -74.3 149.2 -72.9 q 149.3 -72.45 149.45 -71.9 q 149.6 -70.85 149.75 -69.8 q 149.9 -69.35 150.05 -68.8 q 150.1 -67.6 150.2 -66.45 q 150.25 -62.6 150.3 -58.8 q 150.45 -58.35 150.6 -57.75 q 150.8 -58 151.05 -58.1 q 151.05 -58.2 151.05 -58.35 q 151.1 -58.05 151.2 -57.75 q 151.3 -55.9 151.45 -54 q 151.5 -49.5 151.6 -45.05 q 151.65 -44.9 151.75 -44.7 q 151.9 -44.7 152.05 -44.7 q 152.2 -49.4 152.3 -54 q 152.3 -55.7 152.3 -57.45 q 152.2 -58 152.05 -58.45 q 151.9 -60.75 151.75 -62.95 q 151.6 -63.5 151.45 -63.95 q 151.4 -65.2 151.3 -66.4 q 151.45 -65.7 151.6 -65 q 151.8 -64.85 152.05 -64.65 q 152.1 -65.9 152.2 -67.05 q 152.05 -67.6 151.9 -68.1 q 151.95 -70.15 152.05 -72.25 q 152.05 -72.45 152.05 -72.55 q 151.9 -73.25 151.75 -73.95 q 151.6 -76.55 151.45 -79.1 q 151.3 -79.8 151.2 -80.5 q 151.05 -84.15 150.9 -87.7 q 150.75 -88.25 150.6 -88.75 q 150.45 -92.4 150.3 -96 q 150.2 -96.55 150.05 -97 q 149.9 -98.6 149.75 -100.1 q 149.6 -100.65 149.45 -101.15 q 149.3 -102.7 149.2 -104.25 q 149.05 -104.8 148.9 -105.25 q 148.75 -106.85 148.6 -108.35 q 148.45 -108.9 148.3 -109.4 q 148.15 -110.3 148.05 -111.1 q 147.9 -111.65 147.75 -112.15 q 147.5 -112.7 147.3 -113.2 q 147.1 -113.75 146.9 -114.2 q 146.65 -114.75 146.45 -115.25 q 146.4 -115.3 146.35 -115.4 q 146.25 -115.8 146.15 -116.3 q 146.05 -116.85 145.9 -117.3 q 145.75 -118.2 145.6 -119.05 q 145.45 -119.6 145.3 -120.05 q 145.15 -121.1 145.05 -122.15 q 144.95 -122.25 144.95 -122.4 q 144.9 -123.1 144.9 -123.85 q 144.8 -125.35 144.75 -126.8 q 144.85 -126.9 144.9 -126.95 q 144.8 -127.85 144.75 -128.65 q 144.5 -129 144.3 -129.35 q 144.15 -129.15 144.05 -128.95 q 144.05 -129.15 144.05 -129.35 q 144.15 -129.55 144.3 -129.7 q 144.45 -131.65 144.6 -133.5 q 144.75 -133.7 144.9 -133.85 q 145.05 -135.55 145.15 -137.25 q 145.05 -137.6 144.9 -137.95 q 144.65 -138.15 144.45 -138.3 bh m 148.6 -94.25 l 148.65 -94.3 q 148.65 -94.2 148.65 -94.05 q 148.6 -94.1 148.6 -94.25 eh cp
f #f93 1 m 155.6 -164.1 q 155.4 -164.45 155.2 -164.8 q 154.95 -164.8 154.75 -164.8 q 154.5 -164.8 154.3 -164.8 q 154.1 -164.8 153.9 -164.8 q 153.65 -164.65 153.45 -164.45 q 153.35 -164.3 153.25 -164.1 l 153.2 -164.1 q 152.95 -164.1 152.75 -164.1 q 152.5 -164.1 152.3 -164.1 q 152.1 -164 151.9 -163.75 q 151.65 -163.65 151.45 -163.45 q 151.25 -162.95 151.05 -162.4 q 150.8 -161.9 150.6 -161.35 q 150.4 -161 150.2 -160.65 q 149.95 -160 149.75 -159.3 q 149.5 -158.95 149.3 -158.6 q 149.1 -158.45 148.9 -158.25 q 148.65 -157.9 148.45 -157.6 q 148.25 -157.1 148.05 -156.55 q 147.8 -156.05 147.6 -155.5 q 147.35 -154.8 147.15 -154.15 q 146.95 -153.65 146.75 -153.1 q 146.6 -152.05 146.45 -151.05 q 146.35 -151.05 146.3 -151.05 q 146.15 -150.55 146.05 -150 q 145.8 -149.5 145.6 -148.95 q 145.45 -147.95 145.3 -146.9 q 145.15 -146.2 145.05 -145.55 q 144.8 -145.05 144.6 -144.5 q 144.45 -143.45 144.3 -142.45 q 144.15 -142.1 144.05 -141.75 q 143.95 -140.7 143.9 -139.7 q 143.75 -139.35 143.6 -139 q 143.45 -137.95 143.3 -136.95 q 143.25 -136.45 143.15 -135.9 q 143.1 -135.2 143.05 -134.5 q 142.95 -133.85 142.9 -133.15 q 142.95 -133.15 143.05 -133.15 q 143.05 -132.8 143.05 -132.45 q 143.15 -132.3 143.3 -132.1 q 143.3 -131.75 143.3 -131.4 q 143.15 -131.1 143.05 -130.75 q 142.95 -123.7 142.9 -116.6 q 142.95 -116.6 143.05 -116.6 q 143.1 -116.15 143.15 -115.6 q 143.35 -115.8 143.6 -115.95 q 143.75 -122.7 143.9 -129.35 q 144.05 -129.55 144.15 -129.7 q 144.25 -130.3 144.3 -131 q 144.3 -130.85 144.3 -130.75 q 144.5 -130.95 144.75 -131.1 q 144.9 -133 145.05 -134.85 q 145.15 -135.05 145.3 -135.2 q 145.5 -136.25 145.75 -137.25 q 145.95 -137.95 146.15 -138.65 q 146.35 -139.2 146.6 -139.7 q 146.8 -140.25 147.05 -140.7 q 147.25 -141.25 147.45 -141.75 q 147.6 -142.3 147.75 -142.8 q 147.9 -142.8 148.05 -142.8 q 148.15 -143.1 148.3 -143.45 q 148.35 -143.55 148.35 -143.6 l 148.45 -143.8 q 148.65 -144.15 148.9 -144.5 q 149.05 -144.5 149.2 -144.5 q 149.3 -144.85 149.4 -145.2 q 149.55 -145.2 149.75 -145.2 q 149.95 -145.55 150.2 -145.9 q 150.4 -146.2 150.6 -146.55 q 150.8 -146.75 151.05 -146.9 q 151.25 -147.25 151.45 -147.6 q 151.65 -147.8 151.9 -147.95 q 152.1 -148.15 152.3 -148.3 q 152.5 -148.65 152.75 -148.95 q 152.95 -149.2 153.2 -149.3 q 153.4 -149.3 153.6 -149.3 q 153.8 -149.5 154.05 -149.65 q 154.25 -150.2 154.45 -150.7 q 154.65 -150.7 154.9 -150.7 q 155.1 -151.05 155.3 -151.4 q 155.5 -151.95 155.75 -152.4 q 155.95 -153.1 156.2 -153.8 q 156.4 -154.35 156.6 -154.8 q 156.8 -155.15 157.05 -155.5 q 157.1 -158.15 157.2 -160.65 q 157.1 -161.2 157.05 -161.7 q 156.9 -161.9 156.75 -162.05 q 156.5 -162.4 156.3 -162.75 q 156.1 -162.95 155.9 -163.1 q 155.9 -163.2 155.9 -163.45 q 155.75 -163.75 155.6 -164.1 cp
f #f93 1 m 164.15 -198.2 q 163.95 -198.75 163.75 -199.2 q 163.55 -199.75 163.3 -200.25 q 163.1 -200.8 162.85 -201.3 q 162.65 -201.65 162.45 -201.95 q 162.25 -202.5 162.05 -203 q 161.8 -203.55 161.6 -204.05 q 161.4 -204.6 161.2 -205.05 q 160.95 -205.6 160.75 -206.1 q 160.55 -206.65 160.35 -207.15 q 160.1 -207.7 159.9 -208.15 q 159.65 -208.7 159.45 -209.2 q 159.25 -209.9 159.05 -210.55 q 158.8 -211.6 158.6 -212.65 q 158.45 -213.55 158.35 -214.35 q 158.2 -214.9 158.05 -215.4 q 157.8 -215.95 157.6 -216.45 q 157.4 -217.1 157.2 -217.8 q 156.95 -218.35 156.75 -218.85 q 156.5 -219.85 156.3 -220.9 q 156.1 -221.1 155.95 -221.25 q 155.9 -222.05 155.85 -222.9 q 155.85 -223.25 155.9 -223.65 q 155.9 -224.5 155.9 -225.35 q 155.75 -225.85 155.6 -226.4 q 155.5 -227.25 155.45 -228.15 q 155.6 -228.25 155.75 -228.45 q 155.75 -231.7 155.75 -235 q 155.5 -235.35 155.3 -235.7 q 155.1 -235.35 154.9 -235 q 154.85 -234.65 154.85 -234.3 q 154.65 -234.1 154.45 -234 q 154.4 -231.3 154.4 -228.7 q 154.35 -228.55 154.3 -228.45 q 154.25 -227.6 154.2 -226.75 q 154.25 -226.75 154.3 -226.75 q 154.3 -226.7 154.35 -226.6 q 154.3 -226 154.3 -225.35 q 154.4 -225.35 154.45 -225.35 q 154.5 -224.8 154.6 -224.35 q 154.45 -223.5 154.3 -222.6 q 154.3 -220.75 154.3 -218.85 q 154.3 -218.7 154.3 -218.5 q 154.4 -218.5 154.45 -218.5 q 154.45 -218.15 154.45 -217.8 q 154.5 -217.65 154.6 -217.45 q 154.65 -216.1 154.75 -214.7 q 154.9 -214.2 155.05 -213.65 q 155.2 -211.45 155.3 -209.2 q 155.4 -208.85 155.45 -208.5 q 155.6 -208.25 155.7 -207.95 q 155.7 -207.7 155.75 -207.5 l 155.8 -207.4 q 155.9 -204.05 156.05 -200.6 q 156.2 -200.1 156.3 -199.55 q 156.45 -199.7 156.65 -199.85 q 156.65 -192.6 156.75 -185.45 q 156.6 -185.1 156.45 -184.75 q 156.3 -183.05 156.2 -181.3 q 156.05 -181 155.9 -180.65 q 155.8 -179.45 155.75 -178.2 q 155.6 -177.75 155.45 -177.2 q 155.3 -176.35 155.2 -175.45 q 155.05 -175 154.9 -174.45 q 154.75 -173.6 154.6 -172.7 q 154.45 -172.35 154.3 -172.05 q 154.2 -171 154.05 -169.95 q 153.9 -169.6 153.75 -169.3 q 153.5 -168.25 153.3 -167.2 q 153.1 -166.4 152.9 -165.5 q 152.65 -164.45 152.45 -163.45 q 152.25 -162.75 152.05 -162.05 q 151.8 -161.55 151.6 -161 q 151.4 -160.35 151.2 -159.65 q 150.95 -158.8 150.75 -157.9 q 150.5 -157.25 150.3 -156.55 q 150.1 -155.85 149.9 -155.15 q 149.75 -154.35 149.6 -153.45 q 149.45 -153.1 149.3 -152.75 q 149.1 -151.95 148.9 -151.05 q 148.75 -149.85 148.6 -148.65 q 148.45 -147.6 148.3 -146.55 q 148.3 -146.1 148.3 -145.55 q 148.3 -145.4 148.3 -145.2 q 148.35 -145.05 148.45 -144.85 q 148.6 -145.2 148.75 -145.55 q 148.95 -146.9 149.2 -148.3 q 149.4 -149.2 149.6 -150 q 149.8 -150.35 150.05 -150.7 q 150.25 -151.25 150.45 -151.75 q 150.6 -152.7 150.7 -153.65 q 150.7 -153.7 150.75 -153.8 q 150.85 -154.15 151 -154.5 l 151.05 -154.5 l 151.05 -154.55 q 151.1 -154.7 151.2 -154.8 q 151.4 -155.15 151.6 -155.5 q 151.8 -156.05 152.05 -156.55 q 152.25 -157.1 152.45 -157.6 q 152.65 -157.9 152.9 -158.25 q 153.1 -158.45 153.3 -158.6 q 153.5 -159.15 153.75 -159.65 q 153.95 -160.35 154.2 -161 q 154.4 -161.35 154.6 -161.7 q 154.8 -162.25 155.05 -162.75 q 155.25 -163.3 155.45 -163.75 q 155.65 -164.3 155.9 -164.8 q 156.1 -164.8 156.3 -164.8 q 156.5 -165 156.75 -165.15 q 156.95 -165.7 157.2 -166.2 q 157.4 -166.5 157.6 -166.85 q 157.8 -167.2 158.05 -167.55 q 158.25 -167.75 158.45 -167.9 q 158.65 -168.45 158.9 -168.95 q 159.1 -169.3 159.35 -169.6 q 159.55 -169.95 159.75 -170.3 q 159.95 -170.5 160.2 -170.65 q 160.4 -171.2 160.6 -171.7 q 160.8 -171.9 161.05 -172.05 q 161.25 -172.35 161.45 -172.7 q 161.65 -172.95 161.9 -173.05 q 162.1 -173.6 162.35 -174.1 q 162.55 -174.45 162.75 -174.8 q 162.95 -175.35 163.15 -175.8 q 163.4 -176.5 163.6 -177.2 q 163.8 -178.1 164 -178.9 q 164.25 -179.6 164.45 -180.3 q 164.6 -181.55 164.75 -182.7 q 164.9 -183.05 165 -183.4 q 165.1 -188.55 165.15 -193.7 q 165 -194.25 164.9 -194.75 q 164.75 -195.65 164.6 -196.45 q 164.55 -197 164.45 -197.5 q 164.3 -197.85 164.15 -198.2 bh m 158.05 -204.05 q 158.1 -203.85 158.15 -203.6 l 158.05 -203.35 q 158 -203.75 158 -204.25 q 158 -204.1 158.05 -204.05 eh bh m 154.75 -165.85 q 154.95 -166.4 155.2 -166.85 q 155.25 -167.05 155.3 -167.2 l 155.45 -166.85 q 155.25 -166.5 155.05 -166.2 q 154.8 -165.7 154.6 -165.15 q 154.45 -164.85 154.35 -164.6 q 154.55 -165.2 154.75 -165.85 eh cp
f #f93 1 m 162.75 -204.4 q 162.6 -204.95 162.45 -205.4 q 162.35 -206.65 162.2 -207.8 q 162.1 -208.85 162.05 -209.9 q 161.95 -210.25 161.9 -210.55 q 161.75 -210.8 161.6 -210.9 q 161.45 -211.8 161.35 -212.65 q 161.25 -212.85 161.2 -213 q 161.05 -213.2 160.9 -213.35 l 160.85 -213.35 q 160.8 -213.45 160.75 -213.65 q 160.6 -215.25 160.45 -216.75 q 160.35 -217.3 160.2 -217.8 q 160.05 -218.85 159.9 -219.85 q 159.8 -220.2 159.75 -220.55 q 159.6 -220.75 159.45 -220.9 q 159.25 -221.8 159.05 -222.6 q 158.8 -223.15 158.6 -223.65 q 158.4 -224.2 158.2 -224.7 q 158.05 -225.7 157.9 -226.75 q 157.8 -226.9 157.75 -227.1 q 157.65 -227.3 157.55 -227.6 q 157.55 -227.85 157.45 -228.15 q 157.35 -228.8 157.2 -229.5 q 156.95 -230.35 156.75 -231.2 q 156.6 -232.05 156.45 -232.95 q 156.3 -233.75 156.2 -234.65 q 156.05 -236.2 155.9 -237.75 q 155.75 -238.25 155.6 -238.8 q 155.45 -239.6 155.3 -240.5 q 155.25 -240.85 155.2 -241.2 q 155.05 -241.55 154.9 -241.9 q 154.75 -242.7 154.6 -243.6 q 154.5 -244.8 154.45 -246 q 154.4 -246.15 154.3 -246.35 q 154.2 -246.35 154.05 -246.35 q 154.05 -246.3 154.05 -246.25 q 153.9 -247.45 153.75 -248.75 q 153.7 -249.05 153.65 -249.35 q 153.65 -249.55 153.6 -249.8 q 153.5 -251.2 153.45 -252.55 q 153.4 -253.25 153.3 -253.95 q 153.25 -254.15 153.2 -254.3 q 153.2 -254.65 153.2 -254.95 q 153.05 -255.65 152.9 -256.35 q 152.65 -256.5 152.45 -256.7 q 152.35 -256.55 152.25 -256.35 q 152.05 -256.35 151.9 -256.35 q 151.65 -256 151.45 -255.65 q 151.4 -248.9 151.35 -242.15 q 151.3 -242.05 151.3 -241.9 l 151.35 -241.9 q 151.3 -241.55 151.35 -241.2 q 151.4 -240.85 151.45 -240.5 q 151.5 -239.95 151.5 -239.4 q 151.55 -238.75 151.6 -238.1 q 151.65 -235.4 151.7 -232.65 q 151.7 -232.3 151.7 -231.9 q 151.7 -231 151.75 -230.05 q 151.8 -229.8 151.9 -229.5 q 151.9 -229.1 151.9 -228.7 q 152 -228.4 152.05 -228.15 q 152.15 -223.25 152.25 -218.4 q 152.35 -218.3 152.45 -218.15 q 152.5 -217.65 152.6 -217.1 q 152.75 -214.35 152.9 -211.6 q 153.05 -210.9 153.2 -210.25 q 153.3 -207.5 153.45 -204.7 q 153.6 -204.05 153.75 -203.35 q 153.9 -201.95 154.05 -200.6 q 154.2 -199.9 154.3 -199.2 q 154.3 -198 154.3 -196.8 q 154.4 -196.45 154.45 -196.2 q 154.5 -196 154.6 -195.8 q 154.65 -195.45 154.75 -195.1 q 154.8 -194.8 154.85 -194.55 q 154.9 -194.1 155.05 -193.7 q 155.25 -192.7 155.45 -191.65 q 155.6 -190.95 155.75 -190.35 l 155.75 -190.25 q 155.8 -190.2 155.8 -190.15 q 155.85 -189.85 155.9 -189.6 q 155.9 -189.5 155.95 -189.4 q 155.95 -189.15 155.95 -188.95 q 156.05 -187.7 156.2 -186.5 q 156.3 -186 156.45 -185.45 q 156.65 -184.75 156.9 -184.1 q 157.1 -183.6 157.35 -183.05 q 157.55 -182.7 157.75 -182.35 q 157.95 -181.85 158.2 -181.3 q 158.4 -181.3 158.6 -181.3 q 158.8 -181.3 159.05 -181.3 q 159.25 -181.3 159.45 -181.3 q 159.65 -181.65 159.9 -182 q 160.1 -182.35 160.35 -182.7 q 160.55 -182.7 160.75 -182.7 q 160.95 -182.7 161.2 -182.7 q 161.4 -183.25 161.6 -183.75 q 161.8 -184.3 162.05 -184.75 q 162.2 -186 162.35 -187.15 q 162.45 -187.4 162.6 -187.5 q 162.65 -196 162.75 -204.4 bh m 152.75 -243.95 l 152.7 -244.05 q 152.7 -244.1 152.7 -244.25 q 152.7 -244.1 152.75 -243.95 eh cp
f #f93 1 m 153.9 -222.6 q 154 -222.55 154.1 -222.5 q 153.9 -223.05 153.75 -223.65 q 153.85 -223.15 153.9 -222.6 cp f #f93 1 m 150.3 -297.65 q 150.1 -297.45 149.9 -297.3 q 149.75 -296.25 149.6 -295.25 q 149.45 -294.9 149.3 -294.55 q 149.25 -289.95 149.25 -285.3 q 149.2 -284.9 149.2 -284.55 q 149.2 -282.65 149.2 -280.8 q 149.2 -280.45 149.2 -280.1 q 149.25 -279.9 149.3 -279.75 q 149.3 -279.4 149.3 -279.05 q 149.4 -278.7 149.45 -278.35 q 149.5 -276.05 149.6 -273.75 l 149.6 -273.05 q 149.65 -268.45 149.75 -263.9 q 149.9 -263.35 150.05 -262.9 q 150.2 -259.45 150.3 -256 q 150.45 -255.3 150.6 -254.65 q 150.75 -251 150.9 -247.4 q 151.05 -246.85 151.2 -246.35 q 151.25 -244.8 151.35 -243.25 q 151.3 -242.9 151.3 -242.6 q 151.3 -241.55 151.3 -240.5 q 151.45 -239.95 151.6 -239.5 q 151.75 -237.9 151.9 -236.4 q 151.95 -236.2 152 -236.05 q 152 -235.7 152.05 -235.35 q 152.15 -234.75 152.3 -234.1 q 152.4 -233.15 152.45 -232.25 q 152.55 -232 152.65 -231.7 q 152.65 -230.95 152.7 -230.35 q 152.85 -229.85 153.05 -229.5 q 153.25 -228.8 153.45 -228.15 q 153.65 -227.45 153.9 -226.75 q 154.1 -225.85 154.3 -225.05 q 154.45 -224.7 154.6 -224.35 q 154.8 -224.35 155.05 -224.35 q 155.1 -224.2 155.2 -224 q 155.35 -224.2 155.55 -224.35 q 155.7 -224.2 155.9 -224 q 156.1 -224.35 156.3 -224.7 q 156.45 -225.7 156.6 -226.75 q 156.75 -226.9 156.9 -227.1 q 156.95 -231 157.05 -235 q 156.9 -235.5 156.75 -236.05 q 156.6 -238.1 156.45 -240.15 q 156.3 -240.65 156.2 -241.2 q 156.05 -242.7 155.9 -244.3 q 155.75 -244.8 155.6 -245.35 q 155.45 -246.35 155.3 -247.4 q 155.2 -247.9 155.05 -248.45 q 154.9 -249.8 154.75 -251.2 q 154.65 -251.55 154.6 -251.85 q 154.45 -252 154.3 -252.2 q 154.1 -253.4 153.9 -254.65 q 153.65 -255.3 153.45 -256 q 153.25 -256.7 153.05 -257.4 q 152.9 -258.55 152.75 -259.8 q 152.7 -259.95 152.65 -260.15 q 152.55 -261.3 152.45 -262.55 q 152.35 -262.95 152.25 -263.45 q 152.2 -263.65 152.2 -263.9 l 152.15 -264 q 152.05 -266 151.9 -268.05 q 151.75 -268.55 151.6 -269.1 q 151.5 -271.2 151.4 -273.3 q 151.35 -274.8 151.3 -276.3 q 151.25 -276.65 151.2 -277 q 151.1 -277.05 151.1 -277.15 q 151.05 -277.4 151.05 -277.7 q 150.95 -277.8 150.9 -278.05 q 150.85 -278.05 150.8 -278.05 q 150.7 -278.85 150.65 -279.7 q 150.6 -279.9 150.6 -280.1 l 150.6 -280.15 q 150.5 -282 150.45 -283.9 q 150.4 -284 150.3 -284.2 q 150.2 -288.85 150.2 -293.5 q 150.3 -293.65 150.45 -293.85 q 150.5 -295.35 150.6 -296.95 q 150.45 -297.3 150.3 -297.65 bh m 155.6 -227.8 q 155.65 -227.85 155.7 -228 q 155.65 -227.8 155.6 -227.65 q 155.6 -227.7 155.6 -227.8 eh cp
f #f93 1 m 150.9 -311.05 q 151.05 -311.2 151.2 -311.4 q 151.1 -312.1 151.05 -312.8 q 150.8 -313.15 150.6 -313.45 q 150.4 -313.25 150.2 -313.15 q 149.95 -312.8 149.75 -312.45 q 149.65 -307.4 149.6 -302.45 q 149.6 -300.4 149.6 -298.35 q 149.45 -297.8 149.3 -297.3 q 149.2 -291.6 149.05 -285.95 q 149.05 -285.25 149.05 -284.55 q 149.1 -284.55 149.2 -284.55 q 149.2 -284.2 149.2 -283.9 q 149.3 -283.55 149.45 -283.2 q 149.5 -281.6 149.6 -280.1 q 149.6 -279.2 149.6 -278.35 q 149.6 -275.75 149.6 -273.2 q 149.6 -270.1 149.6 -267 q 149.65 -266.65 149.75 -266.35 q 149.9 -266 150.05 -265.65 q 150.2 -262.9 150.3 -260.15 q 150.45 -259.6 150.6 -259.1 q 150.75 -257.4 150.9 -255.65 q 151.05 -255.1 151.2 -254.65 q 151.4 -254.75 151.6 -254.95 q 151.65 -257.15 151.75 -259.45 q 151.6 -259.8 151.45 -260.15 q 151.25 -263.35 151.05 -266.65 q 150.9 -269.9 150.75 -273.2 q 150.75 -275.75 150.75 -278.35 q 150.75 -279.2 150.75 -280.1 q 150.75 -281.45 150.75 -282.85 q 150.75 -283 150.75 -283.2 q 150.6 -283.65 150.45 -284.2 q 150.3 -285.05 150.2 -285.95 q 150.2 -291.45 150.2 -296.95 q 150.3 -297.3 150.45 -297.65 q 150.6 -300.05 150.75 -302.45 q 150.8 -306.75 150.9 -311.05 cp
f #f93 1 m 151.3 -322.1 q 151.45 -322.2 151.6 -322.4 q 151.75 -324.3 151.9 -326.2 q 152.05 -326.35 152.2 -326.55 q 152.25 -328.25 152.3 -330 q 152.3 -330.35 152.3 -330.7 q 152.45 -330.8 152.6 -331.05 q 152.6 -331.35 152.6 -331.7 q 152.4 -331.85 152.2 -332.05 q 151.95 -331.85 151.75 -331.7 q 151.6 -330.8 151.45 -330 q 151.4 -329.1 151.3 -328.25 q 151.2 -327.95 151.05 -327.6 q 150.9 -325.65 150.75 -323.8 q 150.6 -323.45 150.45 -323.1 q 150.3 -319.45 150.2 -315.9 q 150.05 -315.55 149.9 -315.2 q 149.8 -310.85 149.75 -306.6 q 149.8 -306.6 149.9 -306.6 q 149.9 -305.2 149.9 -303.85 q 149.95 -303.65 150.05 -303.5 q 150.2 -303.5 150.3 -303.5 q 150.45 -305 150.6 -306.6 q 150.65 -310.4 150.75 -314.15 q 150.9 -314.3 151.05 -314.5 q 151.2 -318.3 151.3 -322.1 cp
f #f93 1 m 154.3 -338.6 q 154.2 -338.6 154.05 -338.6 q 153.8 -337.9 153.6 -337.25 q 153.4 -336.7 153.2 -336.2 q 152.95 -335.65 152.75 -335.15 q 152.5 -334.6 152.3 -334.15 q 152.2 -332.55 152.05 -331.05 q 151.9 -330.7 151.75 -330.35 q 151.65 -328.85 151.6 -327.3 l 151.6 -327.25 q 151.8 -326.55 152.05 -325.85 q 152.05 -325.8 152.1 -325.65 q 152.2 -328 152.3 -330.35 q 152.45 -330.7 152.6 -331.05 q 152.8 -332.2 153.05 -333.45 q 153.25 -333.9 153.45 -334.45 q 153.65 -334.95 153.9 -335.5 q 154.1 -336 154.3 -336.55 q 154.4 -337.35 154.45 -338.25 q 154.4 -338.4 154.3 -338.6 cp
f #f93 1 m 40.75 130.85 q 44.9 128.8 45.6 128.55 q 44.55 127.1 40 129.15 q 35.55 131.1 35.6 132.55 q 35.65 132.55 35.85 132.7 q 36.1 132.8 36.7 132.8 q 36.75 132.8 40.75 130.85 cp
f #f93 1 m 65.85 108.05 q 65.5 107.3 63.95 107.3 q 62.2 107.3 60.25 110.95 q 58.65 114 57.85 117.3 q 57.55 118.55 54.25 121.2 q 50.2 124.4 49.85 124.8 l 49.85 125.55 l 50.3 125.7 q 50.85 125.8 51.45 125.8 q 51.6 125.8 55.8 122.6 q 57.75 122.6 61.85 118.3 q 66.1 113.85 66.1 111.05 q 66.1 108.6 65.85 108.05 bh m 61.1 116.05 q 61.05 116.25 61.05 116.4 q 60.65 116.8 59.95 117.65 l 60.35 116.8 l 61.1 116.05 eh cp
f #f93 1 m 77.2 94.35 q 80.1 90.55 80.1 83.05 q 80.1 81.4 78.85 79.8 q 77.5 78.05 75.7 78.05 q 71.35 78.05 69.85 79.7 q 66.6 83.1 64.1 96.05 q 62.5 104.2 60.4 107.85 q 56.8 114 56.6 114.55 l 57.1 115.55 q 59.8 114.1 60.1 113.8 q 60.25 113.65 60.9 111.8 q 61.65 109.6 61.85 109.05 q 62.95 106.5 64.8 104.95 q 67.1 103.4 68.35 102.3 q 76.55 95.2 77.2 94.35 cp
f #f93 1 m 65.1 70.05 q 65.1 70.55 65.4 73.6 q 65.7 78.8 65.85 90.05 q 65.4 93.45 64.4 98.05 q 63.8 100.7 64.1 101.8 l 64.85 101.3 q 67.85 90.95 68.15 89.9 q 68.15 89.85 71.1 80.8 l 75.3 73.1 q 78.85 66.6 78.85 63.3 q 78.85 58.6 76.1 55.55 q 73.85 53.05 71.7 53.05 q 70.5 53.05 68.35 54.05 q 67 54.75 66.85 56.55 q 66.75 58.7 65.6 59.8 l 65.1 70.05 bh m 68.1 85.05 l 67.9 85.3 l 67.95 82.8 q 68.6 82.8 68.1 85.05 eh cp
f #f93 1 m 63.85 20.3 q 62.95 18.25 61.4 16.6 q 59.8 14.95 59.6 14.55 q 58.65 12.55 57.85 9.25 q 57.1 6.2 56.85 5.8 q 56.55 6 56.4 5.9 l 56.35 5.8 q 58.35 4.8 58.35 0.05 q 58.35 -0.95 57.1 -0.7 q 56.8 -0.3 55.95 1.9 q 55.1 4.05 54.35 4.8 l 54.1 17.05 l 54.6 17.05 q 54.6 24.55 57.3 30.5 q 58.85 33.95 62.6 41.8 q 63.2 43.5 63.9 44.35 q 64.8 45.4 66.35 49.05 q 66.7 49.9 66.2 51.4 q 65.9 52.25 65.3 54 q 64.45 57.05 68.6 57.55 q 68.75 57.7 69.2 62.45 q 69.6 66.85 69.6 67.3 q 70.1 67.3 70.5 63.7 q 70.85 60.75 70.85 59.3 l 69.1 51.55 l 69.6 52.55 l 70.35 52.8 q 70.6 52.05 70.6 51.05 q 70.6 49.4 69.65 44.4 q 68.45 38.25 67.85 35.3 q 66.25 27.2 65.55 24.75 q 65.1 23.15 63.85 20.3 cp
f #f93 1 m 71.85 -7.8 q 75.95 -9.35 77.25 -10.6 q 79.35 -12.65 79.35 -16.95 q 79.35 -17.6 74.7 -19.95 q 69.1 -19.95 61.85 -12.2 q 54.35 -4.15 54.35 3.05 q 54.35 3.55 54.75 3.55 q 55.1 3.55 55.1 4.05 q 55 4.75 54.8 6.1 q 54.5 8.8 54.35 15.05 q 54.6 15.05 54.85 15.8 l 55.6 15.55 l 56.1 5.8 q 56.6 5.55 56.8 4.6 q 61.9 -4.05 71.85 -7.8 cp
f #f93 1 m 77.05 -62.15 q 77.05 -62.75 76.8 -63.95 q 76.65 -64.6 76.35 -65.95 q 76.75 -66.15 76.7 -68.6 q 76.65 -71.1 76.1 -71.45 q 75.55 -71.1 74.8 -68.2 q 74.1 -65.6 74.1 -64.95 q 74.1 -64.45 74.5 -64.05 q 74.85 -63.7 74.85 -63.2 q 74.45 -58.6 74.65 -57.3 q 74.7 -56.8 77.85 -45.2 q 78.4 -45.4 78.6 -34.95 q 77.25 -30.9 74.95 -26.35 q 72.3 -21.35 71.1 -18.95 q 68.65 -16.6 66.25 -11.6 q 63.95 -7 64.1 -5.45 q 67.1 -11.65 69.65 -14 q 71.4 -15.6 77.1 -19.95 q 78.35 -21 81.45 -22.75 q 84.85 -24.6 85.35 -24.95 q 85.45 -25 86.75 -25.45 q 88.25 -26.1 89.5 -27.4 q 93.3 -31.5 93.3 -40.95 q 93.3 -41.35 85.2 -51.15 q 77.05 -60.95 77.05 -62.15 bh m 80.85 -48.3 q 80.8 -48.45 80.75 -48.6 l 81.05 -48.15 q 80.95 -48 80.85 -48.3 eh bh m 74.4 -19.8 q 76.8 -22.75 76.35 -21.45 l 74.4 -19.8 eh cp
f #f93 1 m 78 -71.4 q 74.55 -79.2 74.1 -79.2 q 73.6 -79.2 72.8 -82.95 q 71.95 -86.7 71.1 -86.7 q 70.45 -86.7 70.15 -86.5 q 69.75 -86.2 69.35 -85.95 l 69.1 -75.95 q 69.1 -59.7 74.35 -44.95 q 78.95 -31.95 82.2 -31.95 q 83.2 -31.95 85.6 -32.95 q 86.8 -33.25 87.45 -34.2 q 87.9 -34.8 88.85 -36.45 l 89.1 -48.7 q 89.1 -50.7 86.55 -55.15 q 85.05 -57.65 81.85 -62.7 q 81.75 -62.85 78 -71.4 cp
f #f93 1 m 66.6 -116.2 q 66.3 -115.3 65.8 -110.3 q 65.35 -105.8 65.35 -105.35 q 68.25 -80.35 69.1 -74.95 q 69.75 -70.85 71.95 -67 q 74.35 -62.95 76.45 -62.95 q 77.5 -62.95 77.85 -63.45 q 79.1 -65.05 79.1 -70.95 q 79.1 -73.75 75.25 -82 q 71.15 -90.75 71.1 -90.95 q 69.85 -96.75 68.65 -100.65 q 67.85 -103.25 67.35 -106.7 l 67.1 -113.45 q 67.1 -114.45 67.85 -115.95 q 67.35 -116.45 66.6 -116.2 cp
f #f93 1 m 65.6 -116.2 q 65.15 -106.95 65.55 -99.7 q 66.2 -88.25 68.85 -85.2 q 69.35 -85.35 69.65 -86.65 q 69.85 -87.65 69.85 -88.7 q 69.85 -89.2 68.5 -98.65 q 67.1 -108.65 67.1 -111.95 q 67.1 -112.95 67.6 -116.45 q 67.75 -117.45 68.25 -122.65 q 68.55 -126.3 68.85 -126.45 q 68.6 -127.45 67.85 -127.95 q 66.35 -127.2 66.1 -127.2 q 66.1 -120.8 65.85 -117.85 l 65.6 -116.2 cp
f #f93 1 m 69.85 -141.2 q 68 -136.55 67.2 -132.95 q 65.7 -126.25 66.85 -120.7 q 67.45 -123.7 69.5 -132.8 q 71.35 -140.85 71.35 -141.2 l 70.6 -141.45 l 69.85 -141.2 cp
f #000 1 m 164.2 118.95 l 164.95 119.25 q 166 119.7 167.2 120.35 q 167.9 120.35 168.15 120.2 q 168.3 120.05 168.45 119.7 q 167.3 115.55 158.95 115.55 q 157.5 115.55 155.55 116.95 q 153.35 118.5 151.55 121.25 l 151.75 121.85 l 152.15 121.85 q 152.6 121.85 153.05 121.05 q 153.3 120.65 153.55 120 l 153.45 120.55 q 153.5 120.75 153.6 121.45 q 153.6 122.15 153.15 122.7 q 153.35 123.1 156.8 120.3 l 154.7 122.25 q 155.15 122.2 156.35 121.45 q 157.5 120.75 158.75 120.65 q 158.05 121 157.45 122 q 159.75 122.05 162.45 120.75 q 164.55 119.75 165.7 120.35 l 165.8 120.05 l 164.2 118.95 cp f #000 1 m 159.45 122.25 q 159.5 122.45 161.75 122.15 q 162.85 122 163.95 121.8 q 162.3 120.3 159.45 122.25 cp
f #000 1 m 145.75 118.2 q 145.3 119.8 144.9 121.45 q 144.55 122.75 143.65 124.95 l 144 116.2 q 143.4 117.45 143.05 120.5 q 142.65 123.85 142.4 124.6 q 142.15 120.2 142 119.15 q 141.85 119.2 141.65 119.6 l 141.05 121.2 l 140.75 118.4 q 140.6 118.45 140.4 118.85 l 140.2 119.3 q 139.65 121.95 139.2 122.6 l 139.15 121.3 q 139.35 121.3 139.45 119.25 q 139.55 117.3 139.45 116.6 q 138.5 117.1 137.95 120.05 q 137.7 121.6 137.3 123.8 l 137.1 121.75 q 137.95 117.65 137.95 117.1 q 137.95 116.5 137.9 116.5 l 137.85 116.6 q 137.15 117.45 136.35 120.1 q 135.55 122.7 135.55 124.05 q 135.55 129.5 137.95 135.65 q 141.4 144.55 147.75 144.55 q 148.75 144.55 148.25 144.45 l 148.3 144.25 l 143.85 140.8 l 143.95 140.75 q 144.3 141.1 145.8 142.05 q 147.5 143.1 148 143.15 l 148.6 143.05 l 148.5 143.05 q 148 142.45 146.75 141.75 q 146.8 141.55 147.2 141.5 q 147.4 141.5 147.95 141.5 l 148 141.6 l 148 141.3 q 148 140.85 147.6 140.4 q 147.1 139.8 145.15 138 l 145.45 138.15 q 145.7 138.3 146.5 138.85 q 147.35 139.35 147.95 139.35 q 148.95 139.35 148.35 139.25 l 148.3 139.1 q 148.15 138.5 147.45 137.55 q 148.65 138.35 149.25 138.55 l 149.3 138.4 q 149.2 137.7 148.65 136.6 l 149.4 137.2 q 150.7 138.05 151.3 137.85 q 151.15 137.55 149.7 135.3 q 148.25 133.1 147.35 130.8 l 147.95 132.05 q 148.7 133.05 149 133.3 q 149.75 134.05 151.2 134.8 q 151.2 134.7 150.15 132.65 q 149.15 130.65 149.05 130.15 l 149.15 129.6 l 149.25 129.65 q 149.5 129.95 150.8 131.6 q 152.2 133.25 153.2 133.7 q 151.1 130.15 151 129.2 l 151.15 129.35 q 151.25 129.9 152.1 130.5 q 152.7 130.9 153.25 131.1 l 153.65 131.05 q 152.5 128.3 152.55 128.25 q 152.75 128.3 152.95 128.1 q 153.15 127.9 153.15 127.7 q 153.55 128.5 154.15 128.9 q 154.6 129.2 155.55 129.45 q 155.4 129.25 156.2 128.85 q 155.55 127.85 155.1 127.15 q 154.3 125.8 154.3 124.75 q 154.3 124.25 154.75 123.05 q 155.15 121.85 155.15 121.35 q 155.15 120.75 155.1 120.85 l 155.05 121.05 l 154.75 121.1 q 154.6 121.15 154.15 121.75 l 153.7 122.35 l 153.85 121.4 q 153.9 121.4 153.7 118.7 l 152.95 119.9 q 152.95 119.95 151.85 121.55 q 151.05 122.8 151 123.85 l 150.9 122.6 q 151.1 121.15 151.3 118.9 q 150.8 119.35 150.1 120.55 q 149.4 121.9 149.2 122.2 q 149.2 121.3 148.55 120.95 l 148.3 121.8 q 147.8 121.35 147.75 121.35 q 147.85 119.3 147.75 119.1 q 146.9 119.45 146.6 122.25 q 146.5 123.5 146.5 124.85 l 146.25 118.2 l 145.75 118.2 cp
f #000 1 m 173.4 134.2 l 173.35 134.3 q 172.45 135.4 168.9 137.15 q 165.5 138.85 164.45 138.85 l 164.25 138.85 q 165.2 138.75 166.95 137.8 q 168.65 136.85 169.5 136.1 q 169.45 136 168.3 135.8 l 168.35 135.55 q 168.75 135.4 169.75 135.2 q 170.65 134.9 170.85 133.95 l 170.7 133.9 q 169.45 134.65 166.9 135.5 l 167.25 135.35 q 168.3 134.85 168.7 133.95 l 168.3 134.05 q 164.2 134.85 163.6 134.85 q 163.85 134.8 165 134.1 q 166.45 133.25 167.7 132.35 q 167.5 132.25 163.6 133.1 l 165.45 131.85 l 163.45 132.3 l 164.55 131.8 q 165.4 131.45 165.95 130.9 q 166.25 130.6 166.6 130.1 q 165.4 130.3 164.55 130.4 l 164.35 130.1 q 164.2 129.95 164.35 129.95 q 163.75 130 162.6 130.4 q 160.95 130.9 160.45 130.9 q 159.25 131.05 158.7 131.1 q 157.65 131.1 157.65 130.5 l 154.65 129.35 l 154.15 129.45 q 154.25 129.7 154.2 129.75 q 156.6 132.55 158.55 133.6 q 157.6 133.5 155.85 132.75 q 154.3 132 154.2 132 q 153.6 132 153.55 132.1 l 153.6 132.15 q 153.75 132.35 154.95 133.35 q 156.15 134.3 156.3 134.4 l 154.15 134.25 l 155.55 135.55 q 153.9 135.2 152.5 134.65 q 152.45 134.45 152.4 134.35 q 152.3 134.2 152.3 134.8 q 152.3 135.05 155 136.65 q 157.45 138 158.5 138.15 l 157.95 138.15 q 155.1 137.75 153 136.9 q 150.95 136.05 150.3 135.95 l 149.8 136.05 l 150 136.25 q 150.45 137 152.9 138.55 q 155.15 139.95 156.55 140.3 l 150.95 139.15 q 151.4 139.7 151.95 140.05 q 152.35 140.3 152.35 140.35 q 152.35 140.5 154.15 141.2 q 155.05 141.55 155.75 141.75 q 152.8 141.1 152.3 141.05 l 151.75 141.15 l 151.9 141.15 q 152.8 142.15 153.65 142.6 l 150.9 142.3 q 150.9 142.55 151.7 143.05 q 153.7 144 154.65 144.75 l 152.7 144.25 q 150.25 143.3 148.45 142.75 q 148.9 144.05 151.15 145.15 q 152.35 145.75 154.3 146.6 q 150.35 146 149.6 144.55 q 149 143.3 146.8 143.3 q 146.2 143.3 146.3 143.35 q 146.35 143.4 146.5 143.4 l 146.5 143.55 q 147.8 144.55 150.4 146.6 q 153.35 148.1 159.35 148.1 q 167.4 148.1 173.35 145.55 q 179.1 143.15 180.55 139.45 q 180.3 139.5 179.2 140.15 q 176.85 141.55 175.8 142.15 q 176.4 141.5 176.7 140.65 q 176.5 140.45 175.75 141.1 l 175 141.8 q 174.95 141.75 174.8 141 q 174.7 140.4 174.35 140.35 q 174 140.95 172.65 141.65 q 171.25 142.35 170.95 142.5 l 171.2 142.35 q 172.65 140.4 172.95 139.7 l 172.9 139.45 q 171.15 140.15 171.1 140.15 l 172.45 138.65 l 172.15 138.5 q 171.15 138.75 170.4 138.75 q 170.7 138.35 172.15 136.85 q 173.4 135.45 173.4 134.8 l 173.4 134.2 bh m 163.7 138.75 q 163.75 138.75 163.9 138.8 l 163.7 138.8 l 163.7 138.75 eh cp
f #000 1 m 163.05 119 l 162.3 118.9 q 162.3 118.85 161.7 118.8 q 161.15 118.8 160.85 118.85 q 163.2 121.2 163.7 122.35 q 161.6 120 160.55 119.9 l 160.05 120 l 160.15 120.05 q 160.3 120.3 161.3 121.35 q 162.2 122.35 162.35 122.75 q 162.3 123.45 161.8 122.75 q 160.75 121.4 160.7 121.35 q 160.4 121.4 160.9 122.55 q 160.85 122.5 160.5 122.8 q 160.35 122.85 160.25 122.8 q 160.35 123 160.6 123.2 q 161 123.5 161 124 q 161 125.65 160.55 126.4 q 160.15 127 159.05 127.5 l 159.45 127.75 q 160.1 127.5 160.55 127 q 160.7 127.3 160.35 128 q 159.9 128.75 159.8 128.85 q 160.25 129.15 161.75 128.2 l 161.25 128.7 q 161.1 128.7 161.05 128.75 q 161 128.9 161 129.55 q 161 130.55 161.05 130.05 l 161.2 129.9 q 161.4 129.75 161.85 129.5 q 162.35 129.15 162.7 128.35 l 162.95 128.55 q 162.55 128.95 162.3 129.55 q 162.1 130.1 162.05 130.1 q 162.15 130.1 162.2 130.2 q 162.35 130.05 163.8 129.15 q 163.65 129.65 163.25 130.25 q 163 130.65 163 131.2 q 163 132.2 163.5 131.65 l 165.65 129.7 l 165.5 130.45 q 165.3 131.15 165.4 131.45 q 165.65 131.3 166.45 130.1 q 167 129.3 167.05 130.05 q 165.95 131.7 165.65 132.1 q 165.8 132.35 166.1 132.55 q 168.1 131.15 169.2 128.7 q 170 126.95 170 125.6 q 170 122.75 168.3 120.15 q 165.85 116.4 161 116.4 q 160.4 116.4 160.35 116.45 l 160.4 116.45 l 160.5 116.65 q 163.2 118.05 163.3 118.15 l 161.9 117.75 l 163.05 119 cp
f #f93 1 m 175.45 141.7 q 182.2 135.8 182.2 123.65 q 182.2 110.9 170.65 105.9 q 166.1 103.95 161 103.9 q 156.2 103.85 153.05 105.45 q 146.5 108.8 143.65 112.2 q 139.35 117.4 139.35 125.95 q 139.35 134.65 144.3 140 q 150.15 146.35 161.8 146.35 q 170.1 146.35 175.45 141.7 bh m 170.7 116.65 q 174.15 120.05 174.25 124.85 q 174.3 129.7 170.7 133 q 166.55 136.7 159.1 136.7 q 153 136.7 150.1 133.2 q 147.7 130.3 147.7 125.4 q 147.7 120.7 150.95 117.1 q 154.7 112.95 160.95 112.95 q 166.9 112.95 170.7 116.65 eh cp
f #ff3 1 m 170.55 125.35 q 169.95 121.55 167.1 118.7 q 164.1 115.7 160.4 115.7 q 156.5 115.7 153.55 118.4 q 150.4 121.3 150.4 125.4 q 150.4 129.9 153.6 132.6 q 156.45 135 160.3 135 q 166.25 135 168.95 132 q 171.25 129.35 170.55 125.35 cp
f #f93 1 m 162.7 147.85 q 172 147.85 178.5 141.8 q 185.25 135.55 185.25 125.95 q 185.25 116.35 177.6 109.15 q 170.05 102.05 160.2 102.05 q 149.45 102.05 143.1 107.95 q 136.3 114.25 136.3 125.9 q 136.3 136.4 144.15 142.35 q 151.4 147.85 162.7 147.85 bh m 167.25 124.6 q 167.25 127.25 165.35 129.15 q 163.5 131.05 160.85 131.05 q 158.2 131.05 156.3 129.15 q 154.45 127.25 154.45 124.6 q 154.45 121.95 156.3 120.05 q 158.2 118.15 160.85 118.15 q 163.5 118.15 165.35 120.05 q 167.25 121.95 167.25 124.6 eh cp
f #ff3 1 m 166.75 132.45 q 169.55 129.7 169.55 125.75 q 169.55 121.8 166.75 119 q 164 116.25 160.1 116.25 q 156.2 116.25 153.4 119 q 150.65 121.8 150.65 125.75 q 150.65 129.7 153.4 132.45 q 156.2 135.25 160.1 135.25 q 164 135.25 166.75 132.45 cp
f #fcc 1 m 162.6 127 q 163.5 126.15 163.5 124.95 q 163.5 123.75 162.6 122.9 q 161.75 122.05 160.55 122.05 q 159.35 122.05 158.45 122.9 q 157.6 123.75 157.6 124.95 q 157.6 126.15 158.45 127 q 159.35 127.85 160.55 127.85 q 161.75 127.85 162.6 127 cp
f #fc9 1 m 78.85 79.8 q 77.5 78.05 75.7 78.05 q 71.35 78.05 69.85 79.7 q 66.6 83.1 64.1 96.05 q 62.5 104.2 60.4 107.85 q 56.8 114 56.6 114.55 l 57.1 115.55 q 59.8 114.1 60.1 113.8 q 60.25 113.65 60.9 111.8 q 61.65 109.6 61.85 109.05 q 62.95 106.5 64.8 104.95 q 67.1 103.4 68.35 102.3 q 76.55 95.2 77.2 94.35 q 80.1 90.55 80.1 83.05 q 80.1 81.4 78.85 79.8 cp
f #fc9 1 m 76.1 55.55 q 73.85 53.05 71.7 53.05 q 70.5 53.05 68.35 54.05 q 67 54.75 66.85 56.55 q 66.75 58.7 65.6 59.8 l 65.1 70.05 q 65.1 70.55 65.4 73.6 q 65.7 78.8 65.85 90.05 q 65.4 93.45 64.4 98.05 q 63.8 100.7 64.1 101.8 l 64.85 101.3 q 67 93.75 67.75 91.15 q 67.75 91.2 67.8 91.3 q 67.85 90.95 67.9 90.65 q 68.05 90.1 68.15 89.9 q 68.15 89.85 71.1 80.8 l 75.3 73.1 q 78.85 66.6 78.85 63.3 q 78.85 58.6 76.1 55.55 cp
f #fc9 1 m 63.85 20.3 q 62.95 18.25 61.4 16.6 q 59.8 14.95 59.6 14.55 q 58.65 12.55 57.85 9.25 q 57.1 6.2 56.85 5.8 q 56.55 6 56.4 5.9 l 56.35 5.8 q 58.35 4.8 58.35 0.05 q 58.35 -0.95 57.1 -0.7 q 56.8 -0.3 55.95 1.9 q 55.1 4.05 54.35 4.8 l 54.1 17.05 l 54.6 17.05 q 54.6 24.55 57.3 30.5 q 58.85 33.95 62.6 41.8 q 63.2 43.5 63.9 44.35 q 64.8 45.4 66.35 49.05 q 66.7 49.9 66.2 51.4 q 65.9 52.25 65.3 54 q 64.45 57.05 68.6 57.55 q 68.75 57.7 69.2 62.45 q 69.6 66.85 69.6 67.3 q 70.1 67.3 70.5 63.7 q 70.85 60.75 70.85 59.3 l 69.1 51.55 l 69.6 52.55 l 70.35 52.8 q 70.6 52.05 70.6 51.05 q 70.6 49.4 69.65 44.4 q 68.45 38.25 67.85 35.3 q 66.25 27.2 65.55 24.75 q 65.1 23.15 63.85 20.3 cp
f #fc9 1 m 79.35 -16.95 q 79.35 -17.6 74.7 -19.95 q 69.1 -19.95 61.85 -12.2 q 54.35 -4.15 54.35 3.05 q 54.35 3.55 54.75 3.55 q 55.1 3.55 55.1 4.05 q 55 4.75 54.8 6.1 q 54.5 8.8 54.35 15.05 q 54.6 15.05 54.85 15.8 l 55.6 15.55 l 56.1 5.8 q 56.6 5.55 56.8 4.6 q 61.9 -4.05 71.85 -7.8 q 75.95 -9.35 77.25 -10.6 q 79.35 -12.65 79.35 -16.95 cp
f #fc9 1 m 76.7 -68.6 q 76.65 -71.1 76.1 -71.45 q 75.55 -71.1 74.8 -68.2 q 74.1 -65.6 74.1 -64.95 q 74.1 -64.45 74.5 -64.05 q 74.85 -63.7 74.85 -63.2 q 74.45 -58.6 74.65 -57.3 q 74.7 -56.8 77.85 -45.2 q 78.4 -45.4 78.6 -34.95 q 77.25 -30.9 74.95 -26.35 q 72.3 -21.35 71.1 -18.95 q 68.65 -16.6 66.25 -11.6 q 63.95 -7 64.1 -5.45 q 67.1 -11.65 69.65 -14 q 71.4 -15.6 77.1 -19.95 q 78.35 -21 81.45 -22.75 q 84.85 -24.6 85.35 -24.95 q 85.45 -25 86.75 -25.45 q 88.25 -26.1 89.5 -27.4 q 93.3 -31.5 93.3 -40.95 q 93.3 -41.35 85.2 -51.15 q 77.05 -60.95 77.05 -62.15 q 77.05 -62.75 76.8 -63.95 q 76.65 -64.6 76.35 -65.95 q 76.75 -66.15 76.7 -68.6 bh m 80.85 -48.3 q 80.8 -48.45 80.75 -48.6 l 81.05 -48.15 q 80.95 -48 80.85 -48.3 eh bh m 76.35 -21.45 l 74.4 -19.8 q 76.8 -22.75 76.35 -21.45 eh cp
f #fc9 1 m 69.35 -85.95 l 69.1 -75.95 q 69.1 -59.7 74.35 -44.95 q 78.95 -31.95 82.2 -31.95 q 83.2 -31.95 85.6 -32.95 q 86.8 -33.25 87.45 -34.2 q 87.9 -34.8 88.85 -36.45 l 89.1 -48.7 q 89.1 -50.7 86.55 -55.15 q 85.05 -57.65 81.85 -62.7 q 81.75 -62.85 78 -71.4 q 74.55 -79.2 74.1 -79.2 q 73.6 -79.2 72.8 -82.95 q 71.95 -86.7 71.1 -86.7 q 70.45 -86.7 70.15 -86.5 q 69.75 -86.2 69.35 -85.95 cp
f #fc9 1 m 67.85 -115.95 q 67.35 -116.45 66.6 -116.2 q 66.3 -115.3 65.8 -110.3 q 65.35 -105.8 65.35 -105.35 q 68.25 -80.35 69.1 -74.95 q 69.75 -70.85 71.95 -67 q 74.35 -62.95 76.45 -62.95 q 77.5 -62.95 77.85 -63.45 q 79.1 -65.05 79.1 -70.95 q 79.1 -73.75 75.25 -82 q 71.15 -90.75 71.1 -90.95 q 69.85 -96.75 68.65 -100.65 q 67.85 -103.25 67.35 -106.7 l 67.1 -113.45 q 67.1 -114.45 67.85 -115.95 cp
f #fc9 1 m 67.85 -127.95 q 66.35 -127.2 66.1 -127.2 q 66.1 -120.8 65.85 -117.85 l 65.6 -116.2 q 65.15 -106.95 65.55 -99.7 q 66.2 -88.25 68.85 -85.2 q 69.35 -85.35 69.65 -86.65 q 69.85 -87.65 69.85 -88.7 q 69.85 -89.2 68.5 -98.65 q 67.1 -108.65 67.1 -111.95 q 67.1 -112.95 67.6 -116.45 q 67.75 -117.45 68.25 -122.65 q 68.55 -126.3 68.85 -126.45 q 68.6 -127.45 67.85 -127.95 cp
f #fc9 1 m 70.6 -141.45 l 69.85 -141.2 q 68 -136.55 67.2 -132.95 q 65.7 -126.25 66.85 -120.7 q 67.45 -123.7 69.5 -132.8 q 71.35 -140.85 71.35 -141.2 l 70.6 -141.45 cp